2 1.62623e+34 8.28501e+33 
3 3.95988e+32 2.01741e+32 
4 4.4143e+30 2.24892e+30 
5 2.80845e+28 1.4308e+28 
6 1.19223e+26 6.07395e+25 
7 3.90795e+23 1.99095e+23 
8 1.11239e+21 5.6672e+20 
9 6.16218e+31 3.13939e+31 
10 9.90735e+18 5.04741e+18 
11 -2.55195e+31 -1.30012e+31 
12 3.03072e+16 1.54404e+16 
13 1.77067e+31 9.02087e+30 
14 1.45452e+31 7.41022e+30 
15 2.87129e+11 1.46281e+11 
16 -1.14901e+31 -5.85375e+30 
17 -1.6066e+31 -8.18502e+30 
18 -1.42417e+31 -7.25559e+30 
19 -7.79794e+30 -3.97275e+30 
20 42.4996 21.6519 
21 5.24446e+30 2.67185e+30 
22 7.15211e+30 3.64372e+30 
23 6.20544e+30 3.16143e+30 
24 3.33955e+30 1.70137e+30 
25 1.5142e-09 7.71426e-10 
26 -2.22091e+30 -1.13147e+30 
27 -3.05052e+30 -1.55412e+30 
28 -2.69958e+30 -1.37533e+30 
29 -1.51621e+30 -7.72449e+29 
30 8.08515e-21 4.11907e-21 
31 1.31266e+30 6.68748e+29 
32 2.28795e+30 1.16562e+30 
33 2.91699e+30 1.48609e+30 
34 3.20407e+30 1.63235e+30 
35 3.16808e+30 1.61401e+30 
36 2.84389e+30 1.44885e+30 
37 2.28376e+30 1.16349e+30 
38 1.55869e+30 7.94091e+29 
39 7.59856e+29 3.87118e+29 
40 3.2092e-43 1.63497e-43 
41 -6.10555e+29 -3.11055e+29 
42 -1.04846e+30 -5.34151e+29 
43 -1.318e+30 -6.7147e+29 
44 -1.42847e+30 -7.27752e+29 
45 -1.39459e+30 -7.10493e+29 
46 -1.23685e+30 -6.30128e+29 
47 -9.81875e+29 -5.00228e+29 
48 -6.62827e+29 -3.37685e+29 
49 -3.19761e+29 -1.62906e+29 
50 2.81977e-67 1.43657e-67 
51 2.51952e+29 1.2836e+29 
52 4.28714e+29 2.18413e+29 
53 5.34216e+29 2.72162e+29 
54 5.74138e+29 2.92501e+29 
55 5.56009e+29 2.83265e+29 
56 4.89303e+29 2.49281e+29 
57 3.85544e+29 1.9642e+29 
58 2.58403e+29 1.31646e+29 
59 1.23799e+29 6.30709e+28 
60 1.48666e-91 7.57398e-92 
61 -9.62773e+28 -4.90496e+28 
62 -1.62809e+29 -8.29451e+28 
63 -2.01664e+29 -1.0274e+29 
64 -2.15485e+29 -1.09781e+29 
65 -2.07517e+29 -1.05722e+29 
66 -1.81637e+29 -9.25369e+28 
67 -1.42373e+29 -7.25338e+28 
68 -9.49414e+28 -4.8369e+28 
69 -4.52637e+28 -2.30601e+28 
70 5.95622e-116 3.03447e-116 
71 3.4875e+28 1.77675e+28 
72 5.87144e+28 2.99127e+28 
73 7.24154e+28 3.68929e+28 
74 7.70576e+28 3.92579e+28 
75 7.39111e+28 3.76549e+28 
76 6.44429e+28 3.28312e+28 
77 5.03245e+28 2.56384e+28 
78 3.3439e+28 1.70359e+28 
79 1.58883e+28 8.09446e+27 
80 3.20763e-141 1.63417e-141 
81 -1.21682e+28 -6.19921e+27 
82 -2.04309e+28 -1.04087e+28 
83 -2.51361e+28 -1.28059e+28 
84 -2.66881e+28 -1.35966e+28 
85 -2.55494e+28 -1.30164e+28 
86 -2.22427e+28 -1.13318e+28 
87 -1.73526e+28 -8.84047e+27 
88 -1.15278e+28 -5.87295e+27 
89 -5.4828e+27 -2.79327e+27 
90 1.44891e-166 7.38164e-167 
91 4.23479e+27 2.15747e+27 
92 7.15815e+27 3.64681e+27 
93 8.88075e+27 4.5244e+27 
94 9.52882e+27 4.85457e+27 
95 9.24462e+27 4.70978e+27 
96 8.1869e+27 4.17091e+27 
97 6.53142e+27 3.32751e+27 
98 4.47132e+27 2.27797e+27 
99 2.2177e+27 1.12983e+27 
100 5.79974e-192 2.95475e-192 
101 -1.97774e+27 -1.00758e+27 
102 -3.67632e+27 -1.87294e+27 
103 -5.10051e+27 -2.59852e+27 
104 -6.25664e+27 -3.18752e+27 
105 -7.15255e+27 -3.64395e+27 
106 -7.79771e+27 -3.97264e+27 
107 -8.20322e+27 -4.17922e+27 
108 -8.38187e+27 -4.27024e+27 
109 -8.3482e+27 -4.25309e+27 
110 -8.11852e+27 -4.13608e+27 
111 -7.711e+27 -3.92846e+27 
112 -7.14565e+27 -3.64044e+27 
113 -6.44442e+27 -3.28319e+27 
114 -5.63124e+27 -2.8689e+27 
115 -4.73202e+27 -2.41078e+27 
116 -3.77477e+27 -1.9231e+27 
117 -2.78959e+27 -1.42119e+27 
118 -1.80872e+27 -9.21476e+26 
119 -8.66629e+26 -4.41514e+26 
120 1.03001e-243 5.24751e-244 
121 7.5936e+26 3.86865e+26 
122 1.407e+27 7.16813e+26 
123 1.94592e+27 9.91371e+26 
124 2.37961e+27 1.21232e+27 
125 2.71207e+27 1.3817e+27 
126 2.94786e+27 1.50182e+27 
127 3.09205e+27 1.57528e+27 
128 3.15026e+27 1.60494e+27 
129 3.12869e+27 1.59395e+27 
130 3.03412e+27 1.54577e+27 
131 2.8739e+27 1.46414e+27 
132 2.65601e+27 1.35313e+27 
133 2.389e+27 1.2171e+27 
134 2.08209e+27 1.06074e+27 
135 1.74512e+27 8.89069e+26 
136 1.38857e+27 7.07424e+26 
137 1.02361e+27 5.21491e+26 
138 6.62067e+26 3.37298e+26 
139 3.16457e+26 1.61223e+26 
140 0 0 
141 -2.75983e+26 -1.40603e+26 
142 -5.10187e+26 -2.59921e+26 
143 -7.04004e+26 -3.58663e+26 
144 -8.58986e+26 -4.37621e+26 
145 -9.76851e+26 -4.97668e+26 
146 -1.05948e+27 -5.39766e+26 
147 -1.10894e+27 -5.64962e+26 
148 -1.12745e+27 -5.74391e+26 
149 -1.11742e+27 -5.69281e+26 
150 -1.08144e+27 -5.5095e+26 
151 -1.02228e+27 -5.20812e+26 
152 -9.42907e+26 -4.80375e+26 
153 -8.46471e+26 -4.31244e+26 
154 -7.36317e+26 -3.75125e+26 
155 -6.15988e+26 -3.13822e+26 
156 -4.8923e+26 -2.49244e+26 
157 -3.5999e+26 -1.83401e+26 
158 -2.32425e+26 -1.18412e+26 
159 -1.10901e+26 -5.65e+25 
160 0 0 
161 9.63918e+25 4.91079e+25 
162 1.779e+26 9.06334e+25 
163 2.4509e+26 1.24864e+26 
164 2.98575e+26 1.52113e+26 
165 3.39022e+26 1.72719e+26 
166 3.67146e+26 1.87047e+26 
167 3.83719e+26 1.9549e+26 
168 3.89564e+26 1.98468e+26 
169 3.8556e+26 1.96428e+26 
170 3.72641e+26 1.89846e+26 
171 3.51797e+26 1.79227e+26 
172 3.24075e+26 1.65104e+26 
173 2.90582e+26 1.4804e+26 
174 2.52481e+26 1.28629e+26 
175 2.10997e+26 1.07495e+26 
176 1.67416e+26 8.52922e+25 
177 1.23085e+26 6.2707e+25 
178 7.94123e+25 4.04575e+25 
179 3.78716e+25 1.92941e+25 
180 0 0 
181 -3.29061e+25 -1.67644e+25 
182 -6.07354e+25 -3.09423e+25 
183 -8.36903e+25 -4.2637e+25 
184 -1.01988e+26 -5.19591e+25 
185 -1.15862e+26 -5.90271e+25 
186 -1.25559e+26 -6.39673e+25 
187 -1.31342e+26 -6.69138e+25 
188 -1.33492e+26 -6.80089e+25 
189 -1.32302e+26 -6.7403e+25 
190 -1.28086e+26 -6.52547e+25 
191 -1.21169e+26 -6.1731e+25 
192 -1.11898e+26 -5.70076e+25 
193 -1.00633e+26 -5.12687e+25 
194 -8.77537e+25 -4.47072e+25 
195 -7.36558e+25 -3.75248e+25 
196 -5.87532e+25 -2.99325e+25 
197 -4.34774e+25 -2.21501e+25 
198 -2.82781e+25 -1.44066e+25 
199 -1.36235e+25 -6.94064e+24 
200 0 0 
201 1.21802e+25 6.20535e+24 
202 2.28665e+25 1.16496e+25 
203 3.21028e+25 1.63551e+25 
204 3.99361e+25 2.03459e+25 
205 4.64169e+25 2.36476e+25 
206 5.15986e+25 2.62875e+25 
207 5.55383e+25 2.82946e+25 
208 5.82962e+25 2.96997e+25 
209 5.99359e+25 3.05351e+25 
210 6.05247e+25 3.0835e+25 
211 6.01332e+25 3.06356e+25 
212 5.88355e+25 2.99745e+25 
213 5.67095e+25 2.88913e+25 
214 5.38366e+25 2.74277e+25 
215 5.03019e+25 2.56269e+25 
216 4.61942e+25 2.35342e+25 
217 4.16061e+25 2.11967e+25 
218 3.6634e+25 1.86636e+25 
219 3.13783e+25 1.5986e+25 
220 2.5943e+25 1.3217e+25 
221 2.04364e+25 1.04116e+25 
222 1.49705e+25 7.62691e+24 
223 9.66165e+24 4.92224e+24 
224 4.63001e+24 2.35881e+24 
225 0 0 
226 -4.12431e+24 -2.10118e+24 
227 -7.73445e+24 -3.94041e+24 
228 -1.0847e+25 -5.52615e+24 
229 -1.34796e+25 -6.86736e+24 
230 -1.56508e+25 -7.97349e+24 
231 -1.73801e+25 -8.85451e+24 
232 -1.86881e+25 -9.52088e+24 
233 -1.95964e+25 -9.98361e+24 
234 -2.01276e+25 -1.02542e+25 
235 -2.03053e+25 -1.03448e+25 
236 -2.01544e+25 -1.02679e+25 
237 -1.97006e+25 -1.00367e+25 
238 -1.89707e+25 -9.66487e+24 
239 -1.79929e+25 -9.16668e+24 
240 -1.6796e+25 -8.55694e+24 
241 -1.54105e+25 -7.85104e+24 
242 -1.38675e+25 -7.06495e+24 
243 -1.21996e+25 -6.21521e+24 
244 -1.04404e+25 -5.31896e+24 
245 -8.62464e+24 -4.39392e+24 
246 -6.78842e+24 -3.45844e+24 
247 -4.96885e+24 -2.53144e+24 
248 -3.20433e+24 -1.63248e+24 
249 -1.53444e+24 -7.81736e+23 
250 0 0 
251 1.365e+24 6.95417e+23 
252 2.55822e+24 1.30332e+24 
253 3.58554e+24 1.8267e+24 
254 4.45315e+24 2.26871e+24 
255 5.16753e+24 2.63266e+24 
256 5.73544e+24 2.92199e+24 
257 6.16398e+24 3.14031e+24 
258 6.46053e+24 3.29139e+24 
259 6.63276e+24 3.37914e+24 
260 6.68869e+24 3.40763e+24 
261 6.63663e+24 3.38111e+24 
262 6.4852e+24 3.30396e+24 
263 6.24337e+24 3.18076e+24 
264 5.92041e+24 3.01622e+24 
265 5.52592e+24 2.81524e+24 
266 5.06984e+24 2.58289e+24 
267 4.56242e+24 2.32438e+24 
268 4.01429e+24 2.04513e+24 
269 3.43637e+24 1.7507e+24 
270 2.83997e+24 1.44685e+24 
271 2.2367e+24 1.13951e+24 
272 1.63855e+24 8.34781e+23 
273 1.05787e+24 5.38944e+23 
274 5.07334e+23 2.58467e+23 
275 0 0 
276 -4.5328e+23 -2.30929e+23 
277 -8.51683e+23 -4.339e+23 
278 -1.19699e+24 -6.09819e+23 
279 -1.49105e+24 -7.59633e+23 
280 -1.73581e+24 -8.84329e+23 
281 -1.93328e+24 -9.84935e+23 
282 -2.08557e+24 -1.06252e+24 
283 -2.19485e+24 -1.11819e+24 
284 -2.26339e+24 -1.15311e+24 
285 -2.29354e+24 -1.16847e+24 
286 -2.28772e+24 -1.16551e+24 
287 -2.24846e+24 -1.14551e+24 
288 -2.17836e+24 -1.10979e+24 
289 -2.08011e+24 -1.05974e+24 
290 -1.95648e+24 -9.96752e+23 
291 -1.81035e+24 -9.22302e+23 
292 -1.64466e+24 -8.37891e+23 
293 -1.46247e+24 -7.45071e+23 
294 -1.2669e+24 -6.45439e+23 
295 -1.0612e+24 -5.40639e+23 
296 -8.48668e+23 -4.32364e+23 
297 -6.32729e+23 -3.22351e+23 
298 -4.16888e+23 -2.12388e+23 
299 -2.04745e+23 -1.0431e+23 
300 0 0 
301 1.94214e+23 9.89447e+22 
302 3.77338e+23 1.92239e+23 
303 5.49472e+23 2.79935e+23 
304 7.10721e+23 3.62085e+23 
305 8.61201e+23 4.38749e+23 
306 1.00103e+24 5.09989e+23 
307 1.13035e+24 5.75871e+23 
308 1.24929e+24 6.36465e+23 
309 1.358e+24 6.91848e+23 
310 1.45663e+24 7.42096e+23 
311 1.54534e+24 7.87293e+23 
312 1.62432e+24 8.27526e+23 
313 1.69372e+24 8.62887e+23 
314 1.75376e+24 8.93471e+23 
315 1.80461e+24 9.19379e+23 
316 1.84649e+24 9.40713e+23 
317 1.8796e+24 9.57585e+23 
318 1.90418e+24 9.70106e+23 
319 1.92045e+24 9.78394e+23 
320 1.92865e+24 9.82573e+23 
321 1.92903e+24 9.82768e+23 
322 1.92185e+24 9.79111e+23 
323 1.90738e+24 9.71738e+23 
324 1.88589e+24 9.60791e+23 
325 1.85768e+24 9.46415e+23 
326 1.82302e+24 9.28759e+23 
327 1.78223e+24 9.0798e+23 
328 1.73563e+24 8.84238e+23 
329 1.68353e+24 8.57696e+23 
330 1.62628e+24 8.28526e+23 
331 1.5642e+24 7.96902e+23 
332 1.49767e+24 7.63003e+23 
333 1.42703e+24 7.27016e+23 
334 1.35266e+24 6.89129e+23 
335 1.27495e+24 6.49537e+23 
336 1.19428e+24 6.08442e+23 
337 1.11107e+24 5.66048e+23 
338 1.02572e+24 5.22567e+23 
339 9.38665e+23 4.78214e+23 
340 8.5033e+23 4.33211e+23 
341 7.61164e+23 3.87784e+23 
342 6.71621e+23 3.42165e+23 
343 5.8217e+23 2.96593e+23 
344 4.93286e+23 2.5131e+23 
345 4.05458e+23 2.06565e+23 
346 3.19184e+23 1.62612e+23 
347 2.34975e+23 1.19711e+23 
348 1.53351e+23 7.81266e+22 
349 7.48452e+22 3.81307e+22 
350 0 0 
351 -7.0731e+22 -3.60347e+22 
352 -1.37294e+23 -6.9946e+22 
353 -1.99737e+23 -1.01759e+23 
354 -2.58113e+23 -1.31499e+23 
355 -3.12474e+23 -1.59194e+23 
356 -3.62877e+23 -1.84872e+23 
357 -4.09381e+23 -2.08564e+23 
358 -4.52047e+23 -2.30301e+23 
359 -4.9094e+23 -2.50115e+23 
360 -5.26124e+23 -2.6804e+23 
361 -5.57671e+23 -2.84112e+23 
362 -5.85651e+23 -2.98367e+23 
363 -6.10139e+23 -3.10843e+23 
364 -6.31212e+23 -3.21579e+23 
365 -6.48951e+23 -3.30615e+23 
366 -6.63436e+23 -3.37995e+23 
367 -6.74754e+23 -3.43761e+23 
368 -6.82993e+23 -3.47959e+23 
369 -6.88244e+23 -3.50634e+23 
370 -6.90599e+23 -3.51834e+23 
371 -6.90157e+23 -3.51608e+23 
372 -6.87015e+23 -3.50008e+23 
373 -6.81276e+23 -3.47084e+23 
374 -6.73045e+23 -3.42891e+23 
375 -6.62431e+23 -3.37483e+23 
376 -6.49543e+23 -3.30917e+23 
377 -6.34496e+23 -3.23251e+23 
378 -6.17407e+23 -3.14545e+23 
379 -5.98394e+23 -3.04859e+23 
380 -5.77582e+23 -2.94256e+23 
381 -5.55096e+23 -2.828e+23 
382 -5.31064e+23 -2.70557e+23 
383 -5.0562e+23 -2.57594e+23 
384 -4.78897e+23 -2.4398e+23 
385 -4.51034e+23 -2.29784e+23 
386 -4.22172e+23 -2.1508e+23 
387 -3.92456e+23 -1.99941e+23 
388 -3.62033e+23 -1.84442e+23 
389 -3.31054e+23 -1.68659e+23 
390 -2.99673e+23 -1.52672e+23 
391 -2.68048e+23 -1.3656e+23 
392 -2.36339e+23 -1.20406e+23 
393 -2.0471e+23 -1.04292e+23 
394 -1.73327e+23 -8.83036e+22 
395 -1.42362e+23 -7.25282e+22 
396 -1.11989e+23 -5.70539e+22 
397 -8.23833e+22 -4.19711e+22 
398 -5.37268e+22 -2.73718e+22 
399 -2.62033e+22 -1.33496e+22 
400 0 0 
401 2.47277e+22 1.25978e+22 
402 4.79642e+22 2.44359e+22 
403 6.97301e+22 3.55248e+22 
404 9.00465e+22 4.58753e+22 
405 1.08935e+23 5.54984e+22 
406 1.2642e+23 6.4406e+22 
407 1.42523e+23 7.26098e+22 
408 1.57269e+23 8.01224e+22 
409 1.70683e+23 8.69565e+22 
410 1.82792e+23 9.31255e+22 
411 1.93622e+23 9.86428e+22 
412 2.032e+23 1.03523e+23 
413 2.11555e+23 1.07779e+23 
414 2.18717e+23 1.11428e+23 
415 2.24715e+23 1.14484e+23 
416 2.2958e+23 1.16962e+23 
417 2.33344e+23 1.1888e+23 
418 2.3604e+23 1.20253e+23 
419 2.377e+23 1.21099e+23 
420 2.38361e+23 1.21436e+23 
421 2.38055e+23 1.2128e+23 
422 2.36821e+23 1.20651e+23 
423 2.34694e+23 1.19567e+23 
424 2.31712e+23 1.18048e+23 
425 2.27915e+23 1.16114e+23 
426 2.23341e+23 1.13784e+23 
427 2.18032e+23 1.11079e+23 
428 2.12028e+23 1.0802e+23 
429 2.05373e+23 1.0463e+23 
430 1.98109e+23 1.00929e+23 
431 1.9028e+23 9.69404e+22 
432 1.81932e+23 9.26874e+22 
433 1.73111e+23 8.81933e+22 
434 1.63863e+23 8.3482e+22 
435 1.54237e+23 7.85779e+22 
436 1.44282e+23 7.3506e+22 
437 1.34047e+23 6.82916e+22 
438 1.23583e+23 6.29606e+22 
439 1.12942e+23 5.75394e+22 
440 1.02176e+23 5.20549e+22 
441 9.13405e+22 4.65345e+22 
442 8.04888e+22 4.10059e+22 
443 6.96769e+22 3.54977e+22 
444 5.89616e+22 3.00387e+22 
445 4.84005e+22 2.46582e+22 
446 3.80525e+22 1.93863e+22 
447 2.79771e+22 1.42533e+22 
448 1.82353e+22 9.29017e+21 
449 8.88861e+21 4.52841e+21 
450 0 0 
451 -8.37876e+21 -4.26866e+21 
452 -1.62433e+22 -8.27536e+21 
453 -2.36015e+22 -1.20241e+22 
454 -3.04614e+22 -1.55189e+22 
455 -3.68313e+22 -1.87641e+22 
456 -4.27196e+22 -2.1764e+22 
457 -4.81353e+22 -2.45231e+22 
458 -5.30872e+22 -2.70459e+22 
459 -5.75846e+22 -2.93372e+22 
460 -6.16371e+22 -3.14018e+22 
461 -6.52544e+22 -3.32446e+22 
462 -6.84466e+22 -3.48709e+22 
463 -7.12237e+22 -3.62858e+22 
464 -7.35965e+22 -3.74946e+22 
465 -7.55756e+22 -3.85029e+22 
466 -7.7172e+22 -3.93162e+22 
467 -7.8397e+22 -3.99403e+22 
468 -7.92621e+22 -4.0381e+22 
469 -7.97792e+22 -4.06445e+22 
470 -7.99603e+22 -4.07367e+22 
471 -7.98176e+22 -4.0664e+22 
472 -7.93638e+22 -4.04328e+22 
473 -7.86117e+22 -4.00496e+22 
474 -7.75744e+22 -3.95212e+22 
475 -7.62653e+22 -3.88542e+22 
476 -7.4698e+22 -3.80558e+22 
477 -7.28865e+22 -3.71329e+22 
478 -7.08449e+22 -3.60928e+22 
479 -6.85877e+22 -3.49428e+22 
480 -6.61297e+22 -3.36905e+22 
481 -6.34858e+22 -3.23436e+22 
482 -6.06714e+22 -3.09098e+22 
483 -5.77021e+22 -2.9397e+22 
484 -5.45936e+22 -2.78134e+22 
485 -5.13622e+22 -2.61671e+22 
486 -4.80243e+22 -2.44665e+22 
487 -4.45966e+22 -2.27202e+22 
488 -4.1096e+22 -2.09369e+22 
489 -3.754e+22 -1.91252e+22 
490 -3.3946e+22 -1.72942e+22 
491 -3.0332e+22 -1.5453e+22 
492 -2.67161e+22 -1.36108e+22 
493 -2.31168e+22 -1.17771e+22 
494 -1.95529e+22 -9.96144e+21 
495 -1.60433e+22 -8.17346e+21 
496 -1.26076e+22 -6.42307e+21 
497 -9.26523e+21 -4.72028e+21 
498 -6.03629e+21 -3.07526e+21 
499 -2.94102e+21 -1.49834e+21 
500 0 0 
501 2.76987e+21 1.41114e+21 
502 5.36739e+21 2.73448e+21 
503 7.79538e+21 3.97145e+21 
504 1.00567e+22 5.12353e+21 
505 1.21544e+22 6.19222e+21 
506 1.40915e+22 7.17908e+21 
507 1.58711e+22 8.08569e+21 
508 1.74963e+22 8.91368e+21 
509 1.89704e+22 9.66469e+21 
510 2.02968e+22 1.03404e+22 
511 2.14788e+22 1.09426e+22 
512 2.252e+22 1.14731e+22 
513 2.34239e+22 1.19336e+22 
514 2.41941e+22 1.2326e+22 
515 2.48343e+22 1.26521e+22 
516 2.53483e+22 1.2914e+22 
517 2.57401e+22 1.31136e+22 
518 2.60134e+22 1.32528e+22 
519 2.61723e+22 1.33338e+22 
520 2.6221e+22 1.33586e+22 
521 2.61635e+22 1.33293e+22 
522 2.60042e+22 1.32482e+22 
523 2.57474e+22 1.31173e+22 
524 2.53974e+22 1.2939e+22 
525 2.49588e+22 1.27156e+22 
526 2.44361e+22 1.24493e+22 
527 2.3834e+22 1.21425e+22 
528 2.31573e+22 1.17977e+22 
529 2.24106e+22 1.14173e+22 
530 2.1599e+22 1.10038e+22 
531 2.07273e+22 1.05598e+22 
532 1.98007e+22 1.00877e+22 
533 1.88243e+22 9.59028e+21 
534 1.78034e+22 9.07014e+21 
535 1.67431e+22 8.52999e+21 
536 1.5649e+22 7.97258e+21 
537 1.45265e+22 7.40071e+21 
538 1.33812e+22 6.81721e+21 
539 1.22187e+22 6.22495e+21 
540 1.10447e+22 5.62687e+21 
541 9.86515e+21 5.02592e+21 
542 8.68587e+21 4.42512e+21 
543 7.51287e+21 3.82752e+21 
544 6.35223e+21 3.23622e+21 
545 5.21014e+21 2.65437e+21 
546 4.09285e+21 2.08515e+21 
547 3.0067e+21 1.5318e+21 
548 1.95815e+21 9.97601e+20 
549 9.53707e+20 4.85877e+20 
550 0 0 
551 -8.97554e+20 -4.57269e+20 
552 -1.73863e+21 -8.85767e+20 
553 -2.52421e+21 -1.28599e+21 
554 -3.2553e+21 -1.65845e+21 
555 -3.9329e+21 -2.00366e+21 
556 -4.55807e+21 -2.32216e+21 
557 -5.13187e+21 -2.61449e+21 
558 -5.65539e+21 -2.8812e+21 
559 -6.12972e+21 -3.12286e+21 
560 -6.55601e+21 -3.34003e+21 
561 -6.9354e+21 -3.53332e+21 
562 -7.26906e+21 -3.70331e+21 
563 -7.5582e+21 -3.85061e+21 
564 -7.80403e+21 -3.97585e+21 
565 -8.00778e+21 -4.07966e+21 
566 -8.17074e+21 -4.16268e+21 
567 -8.29417e+21 -4.22556e+21 
568 -8.37939e+21 -4.26898e+21 
569 -8.42774e+21 -4.29361e+21 
570 -8.44056e+21 -4.30014e+21 
571 -8.41924e+21 -4.28928e+21 
572 -8.36517e+21 -4.26173e+21 
573 -8.27979e+21 -4.21823e+21 
574 -8.16453e+21 -4.15951e+21 
575 -8.02087e+21 -4.08633e+21 
576 -7.85031e+21 -3.99943e+21 
577 -7.65437e+21 -3.89961e+21 
578 -7.43458e+21 -3.78763e+21 
579 -7.19252e+21 -3.66431e+21 
580 -6.92977e+21 -3.53045e+21 
581 -6.64796e+21 -3.38688e+21 
582 -6.34872e+21 -3.23443e+21 
583 -6.03372e+21 -3.07395e+21 
584 -5.70464e+21 -2.9063e+21 
585 -5.3632e+21 -2.73235e+21 
586 -5.01114e+21 -2.55298e+21 
587 -4.65022e+21 -2.36911e+21 
588 -4.28222e+21 -2.18163e+21 
589 -3.90896e+21 -1.99147e+21 
590 -3.53229e+21 -1.79956e+21 
591 -3.15405e+21 -1.60687e+21 
592 -2.77615e+21 -1.41434e+21 
593 -2.40049e+21 -1.22296e+21 
594 -2.02902e+21 -1.03371e+21 
595 -1.6637e+21 -8.47593e+20 
596 -1.30653e+21 -6.65626e+20 
597 -9.59513e+20 -4.88835e+20 
598 -6.24702e+20 -3.18262e+20 
599 -3.04166e+20 -1.54961e+20 
600 0 0 
601 2.86084e+20 1.45749e+20 
602 5.54e+20 2.82242e+20 
603 8.04078e+20 4.09647e+20 
604 1.03665e+21 5.28134e+20 
605 1.25206e+21 6.37878e+20 
606 1.45066e+21 7.39055e+20 
607 1.63279e+21 8.31846e+20 
608 1.79883e+21 9.16434e+20 
609 1.94913e+21 9.93006e+20 
610 2.08407e+21 1.06175e+21 
611 2.20403e+21 1.12287e+21 
612 2.30939e+21 1.17655e+21 
613 2.40056e+21 1.22299e+21 
614 2.47792e+21 1.2624e+21 
615 2.54188e+21 1.29499e+21 
616 2.59287e+21 1.32097e+21 
617 2.63128e+21 1.34054e+21 
618 2.65756e+21 1.35393e+21 
619 2.67214e+21 1.36135e+21 
620 2.67545e+21 1.36304e+21 
621 2.66793e+21 1.35921e+21 
622 2.65006e+21 1.3501e+21 
623 2.62227e+21 1.33595e+21 
624 2.58505e+21 1.31698e+21 
625 2.53886e+21 1.29345e+21 
626 2.48418e+21 1.26559e+21 
627 2.4215e+21 1.23366e+21 
628 2.35133e+21 1.19791e+21 
629 2.27414e+21 1.15859e+21 
630 2.19047e+21 1.11596e+21 
631 2.10082e+21 1.07029e+21 
632 2.00571e+21 1.02183e+21 
633 1.90568e+21 9.70869e+20 
634 1.80125e+21 9.1767e+20 
635 1.69299e+21 8.62513e+20 
636 1.58143e+21 8.05678e+20 
637 1.46714e+21 7.47449e+20 
638 1.35067e+21 6.88116e+20 
639 1.23262e+21 6.2797e+20 
640 1.11354e+21 5.67307e+20 
641 9.94043e+20 5.06427e+20 
642 8.74712e+20 4.45632e+20 
643 7.56151e+20 3.8523e+20 
644 6.38972e+20 3.25532e+20 
645 5.2379e+20 2.66851e+20 
646 4.11232e+20 2.09507e+20 
647 3.0193e+20 1.53822e+20 
648 1.96525e+20 1.00122e+20 
649 9.56628e+19 4.87365e+19 
650 0 0 
651 -8.99298e+19 -4.58158e+19 
652 -1.74104e+20 -8.86994e+19 
653 -2.52631e+20 -1.28706e+20 
654 -3.25621e+20 -1.65891e+20 
655 -3.93184e+20 -2.00312e+20 
656 -4.55434e+20 -2.32026e+20 
657 -5.12487e+20 -2.61092e+20 
658 -5.64459e+20 -2.8757e+20 
659 -6.1147e+20 -3.11521e+20 
660 -6.5364e+20 -3.33005e+20 
661 -6.91093e+20 -3.52085e+20 
662 -7.23952e+20 -3.68826e+20 
663 -7.52345e+20 -3.83291e+20 
664 -7.764e+20 -3.95546e+20 
665 -7.96248e+20 -4.05658e+20 
666 -8.1202e+20 -4.13693e+20 
667 -8.23851e+20 -4.19721e+20 
668 -8.31878e+20 -4.2381e+20 
669 -8.36238e+20 -4.26031e+20 
670 -8.37072e+20 -4.26456e+20 
671 -8.34521e+20 -4.25157e+20 
672 -8.28731e+20 -4.22207e+20 
673 -8.19846e+20 -4.1768e+20 
674 -8.08016e+20 -4.11653e+20 
675 -7.9339e+20 -4.04202e+20 
676 -7.7612e+20 -3.95403e+20 
677 -7.56361e+20 -3.85337e+20 
678 -7.34268e+20 -3.74081e+20 
679 -7.1e+20 -3.61718e+20 
680 -6.83716e+20 -3.48327e+20 
681 -6.5558e+20 -3.33993e+20 
682 -6.25756e+20 -3.18799e+20 
683 -5.94409e+20 -3.02829e+20 
684 -5.61709e+20 -2.86169e+20 
685 -5.27825e+20 -2.68907e+20 
686 -4.92931e+20 -2.5113e+20 
687 -4.57202e+20 -2.32927e+20 
688 -4.20813e+20 -2.14388e+20 
689 -3.83944e+20 -1.95605e+20 
690 -3.46776e+20 -1.76669e+20 
691 -3.09492e+20 -1.57674e+20 
692 -2.72277e+20 -1.38715e+20 
693 -2.35319e+20 -1.19886e+20 
694 -1.98807e+20 -1.01285e+20 
695 -1.62934e+20 -8.30086e+19 
696 -1.27892e+20 -6.51563e+19 
697 -9.3879e+19 -4.78277e+19 
698 -6.10917e+19 -3.11239e+19 
699 -2.97312e+19 -1.51469e+19 
700 0 0 
701 2.79372e+19 1.42329e+19 
702 5.40746e+19 2.75489e+19 
703 7.84471e+19 3.99658e+19 
704 1.0109e+20 5.15014e+19 
705 1.22038e+20 6.21739e+19 
706 1.4133e+20 7.2002e+19 
707 1.59e+20 8.10043e+19 
708 1.75087e+20 8.92e+19 
709 1.89628e+20 9.66083e+19 
710 2.02663e+20 1.03249e+20 
711 2.14229e+20 1.09142e+20 
712 2.24368e+20 1.14307e+20 
713 2.33118e+20 1.18765e+20 
714 2.40521e+20 1.22536e+20 
715 2.46617e+20 1.25642e+20 
716 2.5145e+20 1.28104e+20 
717 2.5506e+20 1.29943e+20 
718 2.57491e+20 1.31182e+20 
719 2.58787e+20 1.31842e+20 
720 2.58991e+20 1.31946e+20 
721 2.58149e+20 1.31517e+20 
722 2.56305e+20 1.30578e+20 
723 2.53505e+20 1.29151e+20 
724 2.49796e+20 1.27261e+20 
725 2.45224e+20 1.24932e+20 
726 2.39837e+20 1.22188e+20 
727 2.33684e+20 1.19053e+20 
728 2.26812e+20 1.15552e+20 
729 2.19272e+20 1.1171e+20 
730 2.11112e+20 1.07553e+20 
731 2.02384e+20 1.03107e+20 
732 1.93138e+20 9.83963e+19 
733 1.83426e+20 9.34486e+19 
734 1.73301e+20 8.82901e+19 
735 1.62815e+20 8.29478e+19 
736 1.52021e+20 7.74488e+19 
737 1.40974e+20 7.18208e+19 
738 1.29728e+20 6.60916e+19 
739 1.18339e+20 6.02892e+19 
740 1.06862e+20 5.44422e+19 
741 9.53541e+19 4.85793e+19 
742 8.38719e+19 4.27295e+19 
743 7.24734e+19 3.69224e+19 
744 6.12167e+19 3.11876e+19 
745 5.01609e+19 2.5555e+19 
746 3.93654e+19 2.00552e+19 
747 2.88905e+19 1.47186e+19 
748 1.87969e+19 9.57629e+18 
749 9.14604e+18 4.65956e+18 
750 0 0 
751 -8.59088e+18 -4.37672e+18 
752 -1.66252e+19 -8.46989e+18 
753 -2.41139e+19 -1.22851e+19 
754 -3.10682e+19 -1.58281e+19 
755 -3.74994e+19 -1.91045e+19 
756 -4.34189e+19 -2.21203e+19 
757 -4.88384e+19 -2.48813e+19 
758 -5.37696e+19 -2.73936e+19 
759 -5.82245e+19 -2.96632e+19 
760 -6.22152e+19 -3.16963e+19 
761 -6.57539e+19 -3.34991e+19 
762 -6.8853e+19 -3.5078e+19 
763 -7.15251e+19 -3.64393e+19 
764 -7.37829e+19 -3.75896e+19 
765 -7.56393e+19 -3.85353e+19 
766 -7.71073e+19 -3.92832e+19 
767 -7.82002e+19 -3.984e+19 
768 -7.89313e+19 -4.02125e+19 
769 -7.93142e+19 -4.04075e+19 
770 -7.93625e+19 -4.04321e+19 
771 -7.90901e+19 -4.02934e+19 
772 -7.85111e+19 -3.99984e+19 
773 -7.76395e+19 -3.95544e+19 
774 -7.64899e+19 -3.89686e+19 
775 -7.50766e+19 -3.82486e+19 
776 -7.34144e+19 -3.74018e+19 
777 -7.15181e+19 -3.64357e+19 
778 -6.94028e+19 -3.53581e+19 
779 -6.70836e+19 -3.41765e+19 
780 -6.45759e+19 -3.28989e+19 
781 -6.18952e+19 -3.15332e+19 
782 -5.90572e+19 -3.00874e+19 
783 -5.60779e+19 -2.85695e+19 
784 -5.29731e+19 -2.69878e+19 
785 -4.97591e+19 -2.53504e+19 
786 -4.64524e+19 -2.36657e+19 
787 -4.30694e+19 -2.19422e+19 
788 -3.96268e+19 -2.01883e+19 
789 -3.61417e+19 -1.84128e+19 
790 -3.2631e+19 -1.66242e+19 
791 -2.91119e+19 -1.48314e+19 
792 -2.56021e+19 -1.30433e+19 
793 -2.21189e+19 -1.12687e+19 
794 -1.86802e+19 -9.51683e+18 
795 -1.53039e+19 -7.79676e+18 
796 -1.20082e+19 -6.11774e+18 
797 -8.81143e+18 -4.48908e+18 
798 -5.73198e+18 -2.92022e+18 
799 -2.78855e+18 -1.42066e+18 
800 0 0 
801 2.61842e+18 1.33398e+18 
802 5.06636e+18 2.58112e+18 
803 7.34726e+18 3.74315e+18 
804 9.4646e+18 4.82185e+18 
805 1.14219e+19 5.81903e+18 
806 1.32228e+19 6.73649e+18 
807 1.48708e+19 7.57609e+18 
808 1.63696e+19 8.33969e+18 
809 1.7723e+19 9.02918e+18 
810 1.89346e+19 9.64647e+18 
811 2.00083e+19 1.01935e+19 
812 2.0948e+19 1.06722e+19 
813 2.17574e+19 1.10846e+19 
814 2.24406e+19 1.14327e+19 
815 2.30016e+19 1.17184e+19 
816 2.34442e+19 1.19439e+19 
817 2.37727e+19 1.21113e+19 
818 2.39912e+19 1.22226e+19 
819 2.41037e+19 1.22799e+19 
820 2.41146e+19 1.22855e+19 
821 2.4028e+19 1.22414e+19 
822 2.38483e+19 1.21498e+19 
823 2.35799e+19 1.20131e+19 
824 2.32271e+19 1.18333e+19 
825 2.27944e+19 1.16129e+19 
826 2.22862e+19 1.1354e+19 
827 2.17072e+19 1.1059e+19 
828 2.10619e+19 1.07302e+19 
829 2.03549e+19 1.03701e+19 
830 1.9591e+19 9.98086e+18 
831 1.87748e+19 9.56506e+18 
832 1.79112e+19 9.12509e+18 
833 1.7005e+19 8.66341e+18 
834 1.60611e+19 8.1825e+18 
835 1.50843e+19 7.68488e+18 
836 1.40797e+19 7.17309e+18 
837 1.30524e+19 6.64968e+18 
838 1.20073e+19 6.11725e+18 
839 1.09496e+19 5.5784e+18 
840 9.88448e+18 5.03577e+18 
841 8.81719e+18 4.49202e+18 
842 7.75298e+18 3.94984e+18 
843 6.69718e+18 3.41195e+18 
844 5.65516e+18 2.88109e+18 
845 4.63236e+18 2.36001e+18 
846 3.63424e+18 1.85151e+18 
847 2.66635e+18 1.3584e+18 
848 1.73425e+18 8.83532e+17 
849 8.43571e+17 4.29767e+17 
850 0 0 
851 -7.9187e+17 -4.03427e+17 
852 -1.53196e+18 -7.80474e+17 
853 -2.22133e+18 -1.13168e+18 
854 -2.86106e+18 -1.4576e+18 
855 -3.45223e+18 -1.75878e+18 
856 -3.99596e+18 -2.03579e+18 
857 -4.49334e+18 -2.28919e+18 
858 -4.94551e+18 -2.51955e+18 
859 -5.35362e+18 -2.72746e+18 
860 -5.7188e+18 -2.91351e+18 
861 -6.04223e+18 -3.07828e+18 
862 -6.32509e+18 -3.22239e+18 
863 -6.56856e+18 -3.34643e+18 
864 -6.77385e+18 -3.45102e+18 
865 -6.94218e+18 -3.53678e+18 
866 -7.07479e+18 -3.60433e+18 
867 -7.17291e+18 -3.65432e+18 
868 -7.23779e+18 -3.68738e+18 
869 -7.27073e+18 -3.70416e+18 
870 -7.27298e+18 -3.70531e+18 
871 -7.24586e+18 -3.69149e+18 
872 -7.19067e+18 -3.66337e+18 
873 -7.10875e+18 -3.62163e+18 
874 -7.00141e+18 -3.56695e+18 
875 -6.87002e+18 -3.50001e+18 
876 -6.71594e+18 -3.42152e+18 
877 -6.54055e+18 -3.33216e+18 
878 -6.34524e+18 -3.23266e+18 
879 -6.13142e+18 -3.12372e+18 
880 -5.90049e+18 -3.00608e+18 
881 -5.65391e+18 -2.88045e+18 
882 -5.39311e+18 -2.74758e+18 
883 -5.11955e+18 -2.60821e+18 
884 -4.8347e+18 -2.4631e+18 
885 -4.54007e+18 -2.31299e+18 
886 -4.23714e+18 -2.15866e+18 
887 -3.92743e+18 -2.00088e+18 
888 -3.61248e+18 -1.84042e+18 
889 -3.29383e+18 -1.67808e+18 
890 -2.97303e+18 -1.51464e+18 
891 -2.65166e+18 -1.35092e+18 
892 -2.3313e+18 -1.18771e+18 
893 -2.01355e+18 -1.02583e+18 
894 -1.70004e+18 -8.66104e+17 
895 -1.39238e+18 -7.09365e+17 
896 -1.09223e+18 -5.56448e+17 
897 -8.01233e+17 -4.08197e+17 
898 -5.2107e+17 -2.65465e+17 
899 -2.53425e+17 -1.2911e+17 
900 0 0 
901 2.37831e+17 1.21166e+17 
902 4.6005e+17 2.34378e+17 
903 6.66983e+17 3.39802e+17 
904 8.58958e+17 4.37606e+17 
905 1.03631e+18 5.2796e+17 
906 1.19937e+18 6.11034e+17 
907 1.34849e+18 6.87003e+17 
908 1.484e+18 7.5604e+17 
909 1.60625e+18 8.18323e+17 
910 1.7156e+18 8.74031e+17 
911 1.81239e+18 9.23345e+17 
912 1.897e+18 9.66447e+17 
913 1.96977e+18 1.00352e+18 
914 2.03107e+18 1.03475e+18 
915 2.08128e+18 1.06033e+18 
916 2.12077e+18 1.08045e+18 
917 2.14991e+18 1.0953e+18 
918 2.16909e+18 1.10507e+18 
919 2.17869e+18 1.10996e+18 
920 2.17909e+18 1.11016e+18 
921 2.17069e+18 1.10588e+18 
922 2.15389e+18 1.09733e+18 
923 2.12909e+18 1.08469e+18 
924 2.09668e+18 1.06818e+18 
925 2.05708e+18 1.048e+18 
926 2.0107e+18 1.02437e+18 
927 1.95794e+18 9.97498e+17 
928 1.89924e+18 9.67592e+17 
929 1.83502e+18 9.34871e+17 
930 1.76569e+18 8.99552e+17 
931 1.6917e+18 8.61854e+17 
932 1.61347e+18 8.21999e+17 
933 1.53144e+18 7.80209e+17 
934 1.44606e+18 7.36711e+17 
935 1.35777e+18 6.9173e+17 
936 1.26702e+18 6.45498e+17 
937 1.17427e+18 5.98245e+17 
938 1.07997e+18 5.50204e+17 
939 9.84589e+17 5.0161e+17 
940 8.88589e+17 4.52702e+17 
941 7.92442e+17 4.03719e+17 
942 6.96621e+17 3.54902e+17 
943 6.01603e+17 3.06494e+17 
944 5.07872e+17 2.58741e+17 
945 4.15913e+17 2.11892e+17 
946 3.26217e+17 1.66195e+17 
947 2.39277e+17 1.21902e+17 
948 1.55592e+17 7.92681e+16 
949 7.5664e+16 3.85479e+16 
950 0 0 
951 -7.09916e+16 -3.61675e+16 
952 -1.37307e+17 -6.99527e+16 
953 -1.99045e+17 -1.01406e+17 
954 -2.56306e+17 -1.30578e+17 
955 -3.09191e+17 -1.57521e+17 
956 -3.578e+17 -1.82286e+17 
957 -4.02238e+17 -2.04925e+17 
958 -4.42609e+17 -2.25492e+17 
959 -4.79016e+17 -2.44041e+17 
960 -5.11567e+17 -2.60624e+17 
961 -5.40369e+17 -2.75297e+17 
962 -5.65529e+17 -2.88115e+17 
963 -5.87156e+17 -2.99134e+17 
964 -6.05362e+17 -3.08409e+17 
965 -6.20257e+17 -3.15997e+17 
966 -6.31953e+17 -3.21956e+17 
967 -6.40565e+17 -3.26343e+17 
968 -6.46206e+17 -3.29217e+17 
969 -6.48992e+17 -3.30636e+17 
970 -6.49039e+17 -3.30661e+17 
971 -6.46466e+17 -3.2935e+17 
972 -6.41391e+17 -3.26764e+17 
973 -6.33934e+17 -3.22965e+17 
974 -6.24215e+17 -3.18014e+17 
975 -6.12358e+17 -3.11973e+17 
976 -5.98484e+17 -3.04905e+17 
977 -5.82718e+17 -2.96873e+17 
978 -5.65186e+17 -2.8794e+17 
979 -5.46013e+17 -2.78173e+17 
980 -5.25327e+17 -2.67634e+17 
981 -5.03257e+17 -2.5639e+17 
982 -4.79932e+17 -2.44507e+17 
983 -4.55483e+17 -2.32051e+17 
984 -4.30042e+17 -2.1909e+17 
985 -4.03742e+17 -2.05691e+17 
986 -3.76716e+17 -1.91923e+17 
987 -3.49101e+17 -1.77854e+17 
988 -3.21033e+17 -1.63554e+17 
989 -2.92648e+17 -1.49093e+17 
990 -2.64086e+17 -1.34542e+17 
991 -2.35486e+17 -1.19971e+17 
992 -2.06989e+17 -1.05453e+17 
993 -1.78737e+17 -9.10597e+16 
994 -1.50873e+17 -7.68642e+16 
995 -1.23542e+17 -6.29399e+16 
996 -9.68885e+16 -4.9361e+16 
997 -7.10592e+16 -3.6202e+16 
998 -4.6202e+16 -2.35381e+16 
999 -2.24656e+16 -1.14454e+16 
1000 0 0 
1001 2.10738e+16 1.07363e+16 
1002 4.07553e+16 2.07633e+16 
1003 5.90742e+16 3.00961e+16 
1004 7.60606e+16 3.875e+16 
1005 9.17448e+16 4.67405e+16 
1006 1.06158e+17 5.40832e+16 
1007 1.1933e+17 6.07939e+16 
1008 1.31293e+17 6.68885e+16 
1009 1.42078e+17 7.23831e+16 
1010 1.51717e+17 7.72938e+16 
1011 1.60242e+17 8.16371e+16 
1012 1.67686e+17 8.54294e+16 
1013 1.74081e+17 8.86874e+16 
1014 1.7946e+17 9.14279e+16 
1015 1.83857e+17 9.36679e+16 
1016 1.87305e+17 9.54245e+16 
1017 1.89838e+17 9.6715e+16 
1018 1.9149e+17 9.75568e+16 
1019 1.92296e+17 9.79675e+16 
1020 1.92291e+17 9.79648e+16 
1021 1.91509e+17 9.75665e+16 
1022 1.89987e+17 9.67909e+16 
1023 1.87759e+17 9.56559e+16 
1024 1.84862e+17 9.418e+16 
1025 1.81332e+17 9.23817e+16 
1026 1.77206e+17 9.02797e+16 
1027 1.72521e+17 8.78927e+16 
1028 1.67313e+17 8.52397e+16 
1029 1.61621e+17 8.234e+16 
1030 1.55483e+17 7.92126e+16 
1031 1.48936e+17 7.58772e+16 
1032 1.42019e+17 7.23533e+16 
1033 1.34771e+17 6.86607e+16 
1034 1.27231e+17 6.48193e+16 
1035 1.19438e+17 6.08491e+16 
1036 1.11432e+17 5.67705e+16 
1037 1.03254e+17 5.26038e+16 
1038 9.49426e+16 4.83696e+16 
1039 8.65397e+16 4.40887e+16 
1040 7.80859e+16 3.97818e+16 
1041 6.96226e+16 3.54701e+16 
1042 6.11914e+16 3.11747e+16 
1043 5.28343e+16 2.69171e+16 
1044 4.45936e+16 2.27187e+16 
1045 3.65118e+16 1.86013e+16 
1046 2.86318e+16 1.45868e+16 
1047 2.09969e+16 1.06971e+16 
1048 1.36507e+16 6.95449e+15 
1049 6.63696e+15 3.38128e+15 
1050 0 0 
1051 -6.22462e+15 -3.17121e+15 
1052 -1.20368e+16 -6.13231e+15 
1053 -1.74456e+16 -8.88784e+15 
1054 -2.24598e+16 -1.14424e+16 
1055 -2.70886e+16 -1.38006e+16 
1056 -3.13411e+16 -1.59671e+16 
1057 -3.52267e+16 -1.79466e+16 
1058 -3.87545e+16 -1.97439e+16 
1059 -4.19341e+16 -2.13638e+16 
1060 -4.47749e+16 -2.28111e+16 
1061 -4.72864e+16 -2.40906e+16 
1062 -4.94784e+16 -2.52074e+16 
1063 -5.13606e+16 -2.61663e+16 
1064 -5.29428e+16 -2.69723e+16 
1065 -5.42349e+16 -2.76306e+16 
1066 -5.52469e+16 -2.81462e+16 
1067 -5.59889e+16 -2.85242e+16 
1068 -5.6471e+16 -2.87698e+16 
1069 -5.67035e+16 -2.88883e+16 
1070 -5.66967e+16 -2.88848e+16 
1071 -5.64611e+16 -2.87648e+16 
1072 -5.60071e+16 -2.85335e+16 
1073 -5.53453e+16 -2.81963e+16 
1074 -5.44865e+16 -2.77588e+16 
1075 -5.34412e+16 -2.72263e+16 
1076 -5.22205e+16 -2.66043e+16 
1077 -5.08352e+16 -2.58986e+16 
1078 -4.92963e+16 -2.51146e+16 
1079 -4.7615e+16 -2.4258e+16 
1080 -4.58025e+16 -2.33346e+16 
1081 -4.38699e+16 -2.23501e+16 
1082 -4.18288e+16 -2.13102e+16 
1083 -3.96905e+16 -2.02208e+16 
1084 -3.74665e+16 -1.90878e+16 
1085 -3.51686e+16 -1.7917e+16 
1086 -3.28084e+16 -1.67146e+16 
1087 -3.03977e+16 -1.54865e+16 
1088 -2.79484e+16 -1.42387e+16 
1089 -2.54726e+16 -1.29773e+16 
1090 -2.29822e+16 -1.17086e+16 
1091 -2.04895e+16 -1.04386e+16 
1092 -1.80067e+16 -9.17372e+15 
1093 -1.55461e+16 -7.92014e+15 
1094 -1.31202e+16 -6.68422e+15 
1095 -1.07414e+16 -5.47234e+15 
1096 -8.42247e+15 -4.29093e+15 
1097 -6.17602e+15 -3.14645e+15 
1098 -4.01485e+15 -2.04541e+15 
1099 -1.95185e+15 -9.94395e+14 
1100 0 0 
1101 1.83027e+15 9.32454e+14 
1102 3.53898e+15 1.80297e+15 
1103 5.12877e+15 2.61291e+15 
1104 6.60232e+15 3.36363e+15 
1105 7.96233e+15 4.0565e+15 
1106 9.21152e+15 4.69291e+15 
1107 1.03526e+16 5.27427e+15 
1108 1.13884e+16 5.80198e+15 
1109 1.23218e+16 6.27746e+15 
1110 1.31554e+16 6.70215e+15 
1111 1.38921e+16 7.07749e+15 
1112 1.45348e+16 7.40495e+15 
1113 1.50865e+16 7.68599e+15 
1114 1.55499e+16 7.92209e+15 
1115 1.59281e+16 8.11475e+15 
1116 1.62239e+16 8.26547e+15 
1117 1.64404e+16 8.37578e+15 
1118 1.65806e+16 8.44719e+15 
1119 1.66475e+16 8.48126e+15 
1120 1.66441e+16 8.47954e+15 
1121 1.65736e+16 8.4436e+15 
1122 1.64389e+16 8.37501e+15 
1123 1.62434e+16 8.27536e+15 
1124 1.599e+16 8.14627e+15 
1125 1.56819e+16 7.98934e+15 
1126 1.53224e+16 7.8062e+15 
1127 1.49147e+16 7.59849e+15 
1128 1.44621e+16 7.36786e+15 
1129 1.39677e+16 7.11599e+15 
1130 1.34349e+16 6.84454e+15 
1131 1.28669e+16 6.55522e+15 
1132 1.22673e+16 6.24971e+15 
1133 1.16392e+16 5.92973e+15 
1134 1.09862e+16 5.59702e+15 
1135 1.03115e+16 5.25331e+15 
1136 9.6187e+15 4.90036e+15 
1137 8.91122e+15 4.53993e+15 
1138 8.19255e+15 4.17379e+15 
1139 7.4662e+15 3.80375e+15 
1140 6.73572e+15 3.43159e+15 
1141 6.00466e+15 3.05914e+15 
1142 5.27662e+15 2.68824e+15 
1143 4.55521e+15 2.32071e+15 
1144 3.84408e+15 1.95841e+15 
1145 3.14688e+15 1.60321e+15 
1146 2.46731e+15 1.257e+15 
1147 1.80908e+15 9.21656e+14 
1148 1.17594e+15 5.99095e+14 
1149 5.71646e+14 2.91232e+14 
1150 0 0 
1151 -5.35954e+14 -2.73048e+14 
1152 -1.03623e+15 -5.27918e+14 
1153 -1.50161e+15 -7.65011e+14 
1154 -1.93288e+15 -9.84729e+14 
1155 -2.33085e+15 -1.18748e+15 
1156 -2.69632e+15 -1.37367e+15 
1157 -3.03011e+15 -1.54372e+15 
1158 -3.33302e+15 -1.69805e+15 
1159 -3.60588e+15 -1.83706e+15 
1160 -3.84953e+15 -1.96119e+15 
1161 -4.06481e+15 -2.07086e+15 
1162 -4.25254e+15 -2.16651e+15 
1163 -4.4136e+15 -2.24856e+15 
1164 -4.54883e+15 -2.31745e+15 
1165 -4.65909e+15 -2.37363e+15 
1166 -4.74527e+15 -2.41753e+15 
1167 -4.80822e+15 -2.44961e+15 
1168 -4.84885e+15 -2.4703e+15 
1169 -4.86804e+15 -2.48008e+15 
1170 -4.86668e+15 -2.47939e+15 
1171 -4.84568e+15 -2.46869e+15 
1172 -4.80595e+15 -2.44845e+15 
1173 -4.74841e+15 -2.41913e+15 
1174 -4.67398e+15 -2.38121e+15 
1175 -4.58359e+15 -2.33516e+15 
1176 -4.47818e+15 -2.28146e+15 
1177 -4.3587e+15 -2.22059e+15 
1178 -4.22609e+15 -2.15303e+15 
1179 -4.08131e+15 -2.07927e+15 
1180 -3.92533e+15 -1.99981e+15 
1181 -3.75912e+15 -1.91513e+15 
1182 -3.58366e+15 -1.82574e+15 
1183 -3.39993e+15 -1.73213e+15 
1184 -3.20892e+15 -1.63482e+15 
1185 -3.01164e+15 -1.53432e+15 
1186 -2.80909e+15 -1.43112e+15 
1187 -2.60228e+15 -1.32576e+15 
1188 -2.39224e+15 -1.21875e+15 
1189 -2.17998e+15 -1.11062e+15 
1190 -1.96655e+15 -1.00188e+15 
1191 -1.75298e+15 -8.93077e+14 
1192 -1.54033e+15 -7.84737e+14 
1193 -1.32964e+15 -6.774e+14 
1194 -1.12198e+15 -5.71606e+14 
1195 -9.1842e+14 -4.679e+14 
1196 -7.20034e+14 -3.6683e+14 
1197 -5.27905e+14 -2.68947e+14 
1198 -3.43123e+14 -1.74808e+14 
1199 -1.66787e+14 -8.49716e+13 
1200 0 0 
1201 1.56351e+14 7.96546e+13 
1202 3.0227e+14 1.53995e+14 
1203 4.37991e+14 2.2314e+14 
1204 5.63746e+14 2.87207e+14 
1205 6.7977e+14 3.46317e+14 
1206 7.86299e+14 4.00589e+14 
1207 8.83573e+14 4.50147e+14 
1208 9.71833e+14 4.95111e+14 
1209 1.05132e+15 5.35607e+14 
1210 1.12228e+15 5.71757e+14 
1211 1.18495e+15 6.03688e+14 
1212 1.23959e+15 6.31525e+14 
1213 1.28645e+15 6.55396e+14 
1214 1.32577e+15 6.75429e+14 
1215 1.35781e+15 6.91752e+14 
1216 1.38283e+15 7.04497e+14 
1217 1.40107e+15 7.13794e+14 
1218 1.41281e+15 7.19774e+14 
1219 1.4183e+15 7.22572e+14 
1220 1.41781e+15 7.22319e+14 
1221 1.41159e+15 7.19152e+14 
1222 1.39992e+15 7.13206e+14 
1223 1.38306e+15 7.04618e+14 
1224 1.36129e+15 6.93525e+14 
1225 1.33487e+15 6.80066e+14 
1226 1.30408e+15 6.64381e+14 
1227 1.2692e+15 6.46609e+14 
1228 1.2305e+15 6.26893e+14 
1229 1.18827e+15 6.05376e+14 
1230 1.14277e+15 5.82199e+14 
1231 1.09431e+15 5.57509e+14 
1232 1.04316e+15 5.3145e+14 
1233 9.8961e+14 5.04168e+14 
1234 9.3395e+14 4.75812e+14 
1235 8.76472e+14 4.46529e+14 
1236 8.17468e+14 4.16469e+14 
1237 7.57234e+14 3.85781e+14 
1238 6.96065e+14 3.54619e+14 
1239 6.34263e+14 3.23133e+14 
1240 5.72126e+14 2.91476e+14 
1241 5.09959e+14 2.59804e+14 
1242 4.48065e+14 2.28272e+14 
1243 3.86752e+14 1.97035e+14 
1244 3.26329e+14 1.66252e+14 
1245 2.67105e+14 1.3608e+14 
1246 2.09394e+14 1.06678e+14 
1247 1.53511e+14 7.82077e+13 
1248 9.97709e+13 5.08295e+13 
1249 4.84939e+13 2.47058e+13 
1250 0 0 
1251 -4.54533e+13 -2.31567e+13 
1252 -8.78685e+13 -4.47657e+13 
1253 -1.27313e+14 -6.48613e+13 
1254 -1.63856e+14 -8.34786e+13 
1255 -1.97566e+14 -1.00653e+14 
1256 -2.28513e+14 -1.16419e+14 
1257 -2.56766e+14 -1.30812e+14 
1258 -2.82395e+14 -1.43869e+14 
1259 -3.05472e+14 -1.55626e+14 
1260 -3.26068e+14 -1.66119e+14 
1261 -3.44256e+14 -1.75385e+14 
1262 -3.60106e+14 -1.8346e+14 
1263 -3.73693e+14 -1.90383e+14 
1264 -3.85091e+14 -1.96189e+14 
1265 -3.94372e+14 -2.00917e+14 
1266 -4.01612e+14 -2.04606e+14 
1267 -4.06885e+14 -2.07292e+14 
1268 -4.10268e+14 -2.09016e+14 
1269 -4.11835e+14 -2.09814e+14 
1270 -4.11665e+14 -2.09728e+14 
1271 -4.09834e+14 -2.08795e+14 
1272 -4.06419e+14 -2.07055e+14 
1273 -4.01499e+14 -2.04548e+14 
1274 -3.95153e+14 -2.01315e+14 
1275 -3.8746e+14 -1.97396e+14 
1276 -3.78499e+14 -1.92831e+14 
1277 -3.68351e+14 -1.87661e+14 
1278 -3.57097e+14 -1.81927e+14 
1279 -3.44818e+14 -1.75671e+14 
1280 -3.31595e+14 -1.68935e+14 
1281 -3.17513e+14 -1.61761e+14 
1282 -3.02652e+14 -1.5419e+14 
1283 -2.87098e+14 -1.46265e+14 
1284 -2.70933e+14 -1.3803e+14 
1285 -2.54243e+14 -1.29527e+14 
1286 -2.37113e+14 -1.208e+14 
1287 -2.19627e+14 -1.11892e+14 
1288 -2.01874e+14 -1.02847e+14 
1289 -1.83938e+14 -9.37093e+13 
1290 -1.65908e+14 -8.45237e+13 
1291 -1.47871e+14 -7.53346e+13 
1292 -1.29916e+14 -6.61871e+13 
1293 -1.12131e+14 -5.71266e+13 
1294 -9.46067e+13 -4.81985e+13 
1295 -7.74322e+13 -3.94488e+13 
1296 -6.06984e+13 -3.09235e+13 
1297 -4.44963e+13 -2.26692e+13 
1298 -2.89177e+13 -1.47324e+13 
1299 -1.40546e+13 -7.1603e+12 
1300 0 0 
1301 1.31718e+13 6.71053e+12 
1302 2.54616e+13 1.29717e+13 
1303 3.68893e+13 1.87937e+13 
1304 4.74748e+13 2.41866e+13 
1305 5.72382e+13 2.91607e+13 
1306 6.61998e+13 3.37263e+13 
1307 7.43801e+13 3.78938e+13 
1308 8.17995e+13 4.16737e+13 
1309 8.84787e+13 4.50765e+13 
1310 9.44386e+13 4.81128e+13 
1311 9.97001e+13 5.07934e+13 
1312 1.04284e+14 5.31289e+13 
1313 1.08213e+14 5.51302e+13 
1314 1.11506e+14 5.68081e+13 
1315 1.14187e+14 5.81738e+13 
1316 1.16276e+14 5.92382e+13 
1317 1.17796e+14 6.00124e+13 
1318 1.18768e+14 6.05077e+13 
1319 1.19215e+14 6.07353e+13 
1320 1.19158e+14 6.07065e+13 
1321 1.18621e+14 6.04329e+13 
1322 1.17626e+14 5.99258e+13 
1323 1.16195e+14 5.91969e+13 
1324 1.14352e+14 5.82577e+13 
1325 1.12119e+14 5.71201e+13 
1326 1.09519e+14 5.57958e+13 
1327 1.06576e+14 5.42966e+13 
1328 1.03314e+14 5.26346e+13 
1329 9.97557e+13 5.08217e+13 
1330 9.59249e+13 4.88701e+13 
1331 9.18456e+13 4.67918e+13 
1332 8.75419e+13 4.45993e+13 
1333 8.30379e+13 4.23046e+13 
1334 7.8358e+13 3.99204e+13 
1335 7.35267e+13 3.7459e+13 
1336 6.85686e+13 3.49331e+13 
1337 6.35085e+13 3.23552e+13 
1338 5.83713e+13 2.9738e+13 
1339 5.31822e+13 2.70943e+13 
1340 4.79664e+13 2.4437e+13 
1341 4.27492e+13 2.17791e+13 
1342 3.75562e+13 1.91335e+13 
1343 3.24132e+13 1.65133e+13 
1344 2.73459e+13 1.39317e+13 
1345 2.23803e+13 1.14019e+13 
1346 1.75427e+13 8.93735e+12 
1347 1.28594e+13 6.55135e+12 
1348 8.35668e+12 4.25741e+12 
1349 4.0613e+12 2.06908e+12 
1350 0 0 
1351 -3.80576e+12 -1.93889e+12 
1352 -7.35627e+12 -3.74774e+12 
1353 -1.06573e+13 -5.42948e+12 
1354 -1.37147e+13 -6.9871e+12 
1355 -1.65342e+13 -8.42355e+12 
1356 -1.91219e+13 -9.74186e+12 
1357 -2.14835e+13 -1.0945e+13 
1358 -2.36252e+13 -1.20361e+13 
1359 -2.55528e+13 -1.30182e+13 
1360 -2.72725e+13 -1.38943e+13 
1361 -2.87903e+13 -1.46676e+13 
1362 -3.01124e+13 -1.53411e+13 
1363 -3.1245e+13 -1.59181e+13 
1364 -3.21942e+13 -1.64017e+13 
1365 -3.29663e+13 -1.67951e+13 
1366 -3.35676e+13 -1.71014e+13 
1367 -3.40044e+13 -1.7324e+13 
1368 -3.42832e+13 -1.7466e+13 
1369 -3.44102e+13 -1.75307e+13 
1370 -3.4392e+13 -1.75214e+13 
1371 -3.42351e+13 -1.74415e+13 
1372 -3.3946e+13 -1.72942e+13 
1373 -3.35312e+13 -1.70829e+13 
1374 -3.29974e+13 -1.68109e+13 
1375 -3.23513e+13 -1.64817e+13 
1376 -3.15995e+13 -1.60987e+13 
1377 -3.07488e+13 -1.56653e+13 
1378 -2.98059e+13 -1.5185e+13 
1379 -2.87778e+13 -1.46612e+13 
1380 -2.76711e+13 -1.40974e+13 
1381 -2.6493e+13 -1.34971e+13 
1382 -2.52502e+13 -1.2864e+13 
1383 -2.39498e+13 -1.22015e+13 
1384 -2.25988e+13 -1.15132e+13 
1385 -2.12043e+13 -1.08028e+13 
1386 -1.97733e+13 -1.00738e+13 
1387 -1.83131e+13 -9.32984e+12 
1388 -1.68309e+13 -8.5747e+12 
1389 -1.53338e+13 -7.812e+12 
1390 -1.38292e+13 -7.04546e+12 
1391 -1.23244e+13 -6.2788e+12 
1392 -1.08267e+13 -5.51579e+12 
1393 -9.34356e+12 -4.76019e+12 
1394 -7.88242e+12 -4.01579e+12 
1395 -6.45077e+12 -3.28642e+12 
1396 -5.05614e+12 -2.57591e+12 
1397 -3.70611e+12 -1.88812e+12 
1398 -2.40829e+12 -1.22693e+12 
1399 -1.17035e+12 -5.96251e+11 
1400 0 0 
1401 1.0966e+12 5.58675e+11 
1402 2.11954e+12 1.07982e+12 
1403 3.07049e+12 1.5643e+12 
1404 3.95115e+12 2.01296e+12 
1405 4.7632e+12 2.42667e+12 
1406 5.50836e+12 2.8063e+12 
1407 6.18835e+12 3.15273e+12 
1408 6.8049e+12 3.46684e+12 
1409 7.35974e+12 3.74951e+12 
1410 7.85464e+12 4.00164e+12 
1411 8.29136e+12 4.22413e+12 
1412 8.67166e+12 4.41788e+12 
1413 8.99734e+12 4.5838e+12 
1414 9.27019e+12 4.72281e+12 
1415 9.49202e+12 4.83582e+12 
1416 9.66466e+12 4.92377e+12 
1417 9.78992e+12 4.98759e+12 
1418 9.86966e+12 5.02822e+12 
1419 9.90573e+12 5.04659e+12 
1420 9.89998e+12 5.04366e+12 
1421 9.85431e+12 5.02039e+12 
1422 9.77058e+12 4.97774e+12 
1423 9.65071e+12 4.91667e+12 
1424 9.49659e+12 4.83815e+12 
1425 9.31016e+12 4.74317e+12 
1426 9.09335e+12 4.63271e+12 
1427 8.84809e+12 4.50776e+12 
1428 8.57634e+12 4.36932e+12 
1429 8.28008e+12 4.21838e+12 
1430 7.96127e+12 4.05596e+12 
1431 7.62191e+12 3.88307e+12 
1432 7.264e+12 3.70073e+12 
1433 6.88955e+12 3.50996e+12 
1434 6.50058e+12 3.3118e+12 
1435 6.09914e+12 3.10728e+12 
1436 5.68727e+12 2.89744e+12 
1437 5.26702e+12 2.68334e+12 
1438 4.84047e+12 2.46603e+12 
1439 4.4097e+12 2.24657e+12 
1440 3.97681e+12 2.02603e+12 
1441 3.54389e+12 1.80548e+12 
1442 3.11308e+12 1.58599e+12 
1443 2.68649e+12 1.36866e+12 
1444 2.26626e+12 1.15457e+12 
1445 1.85456e+12 9.44826e+11 
1446 1.45354e+12 7.40522e+11 
1447 1.06538e+12 5.4277e+11 
1448 6.92267e+11 3.52684e+11 
1449 3.36404e+11 1.71385e+11 
1450 0 0 
1451 -3.15172e+11 -1.60568e+11 
1452 -6.09144e+11 -3.10336e+11 
1453 -8.824e+11 -4.49549e+11 
1454 -1.13543e+12 -5.78457e+11 
1455 -1.36872e+12 -6.97309e+11 
1456 -1.58277e+12 -8.06358e+11 
1457 -1.77807e+12 -9.05856e+11 
1458 -1.95512e+12 -9.96058e+11 
1459 -2.11443e+12 -1.07722e+12 
1460 -2.2565e+12 -1.1496e+12 
1461 -2.38185e+12 -1.21346e+12 
1462 -2.49098e+12 -1.26906e+12 
1463 -2.5844e+12 -1.31665e+12 
1464 -2.66265e+12 -1.35652e+12 
1465 -2.72623e+12 -1.38891e+12 
1466 -2.77568e+12 -1.4141e+12 
1467 -2.81152e+12 -1.43236e+12 
1468 -2.83429e+12 -1.44396e+12 
1469 -2.84451e+12 -1.44917e+12 
1470 -2.84272e+12 -1.44826e+12 
1471 -2.82947e+12 -1.44151e+12 
1472 -2.8053e+12 -1.42919e+12 
1473 -2.77075e+12 -1.41159e+12 
1474 -2.72637e+12 -1.38898e+12 
1475 -2.67272e+12 -1.36165e+12 
1476 -2.61036e+12 -1.32988e+12 
1477 -2.53983e+12 -1.29395e+12 
1478 -2.46171e+12 -1.25415e+12 
1479 -2.37656e+12 -1.21077e+12 
1480 -2.28495e+12 -1.16409e+12 
1481 -2.18744e+12 -1.11442e+12 
1482 -2.08463e+12 -1.06204e+12 
1483 -1.97707e+12 -1.00724e+12 
1484 -1.86537e+12 -9.50333e+11 
1485 -1.75009e+12 -8.91603e+11 
1486 -1.63183e+12 -8.31354e+11 
1487 -1.51118e+12 -7.69887e+11 
1488 -1.38873e+12 -7.07505e+11 
1489 -1.26508e+12 -6.44512e+11 
1490 -1.14084e+12 -5.81214e+11 
1491 -1.0166e+12 -5.17919e+11 
1492 -8.92975e+11 -4.54937e+11 
1493 -7.70573e+11 -3.92578e+11 
1494 -6.50009e+11 -3.31155e+11 
1495 -5.319e+11 -2.70982e+11 
1496 -4.16865e+11 -2.12377e+11 
1497 -3.05529e+11 -1.55656e+11 
1498 -1.98519e+11 -1.01138e+11 
1499 -9.6465e+10 -4.91452e+10 
1500 0 0 
1501 9.03685e+10 4.60393e+10 
1502 1.7465e+11 8.89776e+10 
1503 2.52985e+11 1.28886e+11 
1504 3.25513e+11 1.65837e+11 
1505 3.92377e+11 1.99901e+11 
1506 4.53718e+11 2.31152e+11 
1507 5.0968e+11 2.59663e+11 
1508 5.60407e+11 2.85506e+11 
1509 6.06043e+11 3.08756e+11 
1510 6.46735e+11 3.29487e+11 
1511 6.82629e+11 3.47774e+11 
1512 7.13873e+11 3.63691e+11 
1513 7.40614e+11 3.77315e+11 
1514 7.63003e+11 3.88721e+11 
1515 7.81189e+11 3.97986e+11 
1516 7.95322e+11 4.05186e+11 
1517 8.05556e+11 4.104e+11 
1518 8.12041e+11 4.13704e+11 
1519 8.14933e+11 4.15177e+11 
1520 8.14385e+11 4.14898e+11 
1521 8.10552e+11 4.12945e+11 
1522 8.03592e+11 4.09399e+11 
1523 7.93659e+11 4.04339e+11 
1524 7.80913e+11 3.97845e+11 
1525 7.65512e+11 3.89999e+11 
1526 7.47616e+11 3.80882e+11 
1527 7.27385e+11 3.70575e+11 
1528 7.04981e+11 3.59161e+11 
1529 6.80566e+11 3.46722e+11 
1530 6.54302e+11 3.33342e+11 
1531 6.26354e+11 3.19104e+11 
1532 5.96887e+11 3.04091e+11 
1533 5.66067e+11 2.88389e+11 
1534 5.3406e+11 2.72083e+11 
1535 5.01034e+11 2.55257e+11 
1536 4.67157e+11 2.37998e+11 
1537 4.32598e+11 2.20392e+11 
1538 3.97528e+11 2.02525e+11 
1539 3.62118e+11 1.84485e+11 
1540 3.2654e+11 1.6636e+11 
1541 2.90967e+11 1.48236e+11 
1542 2.55572e+11 1.30204e+11 
1543 2.20531e+11 1.12352e+11 
1544 1.86018e+11 9.47692e+10 
1545 1.52211e+11 7.75459e+10 
1546 1.19287e+11 6.07723e+10 
1547 8.74245e+10 4.45394e+10 
1548 5.6802e+10 2.89385e+10 
1549 2.76002e+10 1.40612e+10 
1550 0 0 
1551 -2.58537e+10 -1.31715e+10 
1552 -4.99638e+10 -2.54547e+10 
1553 -7.23707e+10 -3.68701e+10 
1554 -9.31147e+10 -4.74384e+10 
1555 -1.12237e+11 -5.71803e+10 
1556 -1.29777e+11 -6.61166e+10 
1557 -1.45778e+11 -7.42683e+10 
1558 -1.6028e+11 -8.16564e+10 
1559 -1.73325e+11 -8.83023e+10 
1560 -1.84955e+11 -9.42273e+10 
1561 -1.95211e+11 -9.94527e+10 
1562 -2.04137e+11 -1.04e+11 
1563 -2.11775e+11 -1.07891e+11 
1564 -2.18168e+11 -1.11148e+11 
1565 -2.23359e+11 -1.13793e+11 
1566 -2.2739e+11 -1.15847e+11 
1567 -2.30306e+11 -1.17332e+11 
1568 -2.32151e+11 -1.18272e+11 
1569 -2.32968e+11 -1.18688e+11 
1570 -2.32801e+11 -1.18603e+11 
1571 -2.31696e+11 -1.1804e+11 
1572 -2.29697e+11 -1.17022e+11 
1573 -2.26848e+11 -1.1557e+11 
1574 -2.23196e+11 -1.1371e+11 
1575 -2.18785e+11 -1.11462e+11 
1576 -2.13661e+11 -1.08852e+11 
1577 -2.07871e+11 -1.05902e+11 
1578 -2.0146e+11 -1.02636e+11 
1579 -1.94475e+11 -9.90773e+10 
1580 -1.86962e+11 -9.52499e+10 
1581 -1.78969e+11 -9.11777e+10 
1582 -1.70542e+11 -8.68846e+10 
1583 -1.61729e+11 -8.23949e+10 
1584 -1.52578e+11 -7.77329e+10 
1585 -1.43137e+11 -7.29229e+10 
1586 -1.33453e+11 -6.79894e+10 
1587 -1.23576e+11 -6.29572e+10 
1588 -1.13553e+11 -5.7851e+10 
1589 -1.03434e+11 -5.26958e+10 
1590 -9.3268e+10 -4.75165e+10 
1591 -8.3104e+10 -4.23383e+10 
1592 -7.29919e+10 -3.71866e+10 
1593 -6.29814e+10 -3.20866e+10 
1594 -5.31229e+10 -2.70641e+10 
1595 -4.34666e+10 -2.21445e+10 
1596 -3.40632e+10 -1.73539e+10 
1597 -2.49635e+10 -1.2718e+10 
1598 -1.62188e+10 -8.26287e+09 
1599 -7.88043e+09 -4.01478e+09 
1600 0 0 
1601 7.38117e+09 3.76042e+09 
1602 1.4264e+10 7.26696e+09 
1603 2.066e+10 1.05255e+10 
1604 2.65808e+10 1.35419e+10 
1605 3.20382e+10 1.63222e+10 
1606 3.70437e+10 1.88723e+10 
1607 4.16093e+10 2.11983e+10 
1608 4.57467e+10 2.33062e+10 
1609 4.9468e+10 2.52021e+10 
1610 5.27851e+10 2.6892e+10 
1611 5.57101e+10 2.83822e+10 
1612 5.82552e+10 2.96788e+10 
1613 6.04324e+10 3.0788e+10 
1614 6.22542e+10 3.17161e+10 
1615 6.37328e+10 3.24694e+10 
1616 6.48806e+10 3.30542e+10 
1617 6.571e+10 3.34767e+10 
1618 6.62337e+10 3.37435e+10 
1619 6.64641e+10 3.38609e+10 
1620 6.6414e+10 3.38354e+10 
1621 6.60961e+10 3.36734e+10 
1622 6.55232e+10 3.33816e+10 
1623 6.47081e+10 3.29663e+10 
1624 6.36638e+10 3.24342e+10 
1625 6.24032e+10 3.1792e+10 
1626 6.09394e+10 3.10463e+10 
1627 5.92856e+10 3.02037e+10 
1628 5.74549e+10 2.92711e+10 
1629 5.54606e+10 2.82551e+10 
1630 5.33161e+10 2.71625e+10 
1631 5.10346e+10 2.60002e+10 
1632 4.86298e+10 2.4775e+10 
1633 4.61151e+10 2.34939e+10 
1634 4.35042e+10 2.21637e+10 
1635 4.08106e+10 2.07915e+10 
1636 3.80482e+10 1.93841e+10 
1637 3.52307e+10 1.79487e+10 
1638 3.23721e+10 1.64923e+10 
1639 2.94862e+10 1.50221e+10 
1640 2.65871e+10 1.35451e+10 
1641 2.36888e+10 1.20685e+10 
1642 2.08055e+10 1.05996e+10 
1643 1.79515e+10 9.14559e+09 
1644 1.51409e+10 7.71373e+09 
1645 1.23882e+10 6.31134e+09 
1646 9.70785e+09 4.94578e+09 
1647 7.11422e+09 3.62442e+09 
1648 4.62194e+09 2.3547e+09 
1649 2.24563e+09 1.14406e+09 
1650 0 0 
1651 -2.1032e+09 -1.0715e+09 
1652 -4.06425e+09 -2.07058e+09 
1653 -5.88645e+09 -2.99892e+09 
1654 -7.57313e+09 -3.85822e+09 
1655 -9.12763e+09 -4.65018e+09 
1656 -1.05533e+10 -5.3765e+09 
1657 -1.18535e+10 -6.03892e+09 
1658 -1.30317e+10 -6.63915e+09 
1659 -1.40912e+10 -7.17895e+09 
1660 -1.50356e+10 -7.66005e+09 
1661 -1.58682e+10 -8.08422e+09 
1662 -1.65925e+10 -8.45322e+09 
1663 -1.7212e+10 -8.76883e+09 
1664 -1.77302e+10 -9.03284e+09 
1665 -1.81506e+10 -9.24703e+09 
1666 -1.84768e+10 -9.41321e+09 
1667 -1.87123e+10 -9.5332e+09 
1668 -1.88607e+10 -9.60882e+09 
1669 -1.89256e+10 -9.64189e+09 
1670 -1.89107e+10 -9.63427e+09 
1671 -1.88195e+10 -9.5878e+09 
1672 -1.86556e+10 -9.50434e+09 
1673 -1.84229e+10 -9.38576e+09 
1674 -1.81249e+10 -9.23394e+09 
1675 -1.77654e+10 -9.05077e+09 
1676 -1.7348e+10 -8.83815e+09 
1677 -1.68766e+10 -8.59797e+09 
1678 -1.63549e+10 -8.33217e+09 
1679 -1.57866e+10 -8.04266e+09 
1680 -1.51756e+10 -7.73139e+09 
1681 -1.45257e+10 -7.40029e+09 
1682 -1.38407e+10 -7.05132e+09 
1683 -1.31245e+10 -6.68645e+09 
1684 -1.2381e+10 -6.30764e+09 
1685 -1.1614e+10 -5.91689e+09 
1686 -1.08275e+10 -5.51619e+09 
1687 -1.00253e+10 -5.10753e+09 
1688 -9.21154e+09 -4.69293e+09 
1689 -8.39005e+09 -4.27441e+09 
1690 -7.56486e+09 -3.85401e+09 
1691 -6.73997e+09 -3.43375e+09 
1692 -5.9194e+09 -3.01571e+09 
1693 -5.10721e+09 -2.60193e+09 
1694 -4.30745e+09 -2.19448e+09 
1695 -3.52421e+09 -1.79545e+09 
1696 -2.76159e+09 -1.40693e+09 
1697 -2.02371e+09 -1.031e+09 
1698 -1.31471e+09 -6.69795e+08 
1699 -6.38747e+08 -3.25417e+08 
1700 0 0 
1701 5.98192e+08 3.04756e+08 
1702 1.15591e+09 5.88892e+08 
1703 1.6741e+09 8.52891e+08 
1704 2.15372e+09 1.09724e+09 
1705 2.59571e+09 1.32241e+09 
1706 3.00103e+09 1.52891e+09 
1707 3.37066e+09 1.71722e+09 
1708 3.70555e+09 1.88784e+09 
1709 4.00669e+09 2.04125e+09 
1710 4.27505e+09 2.17797e+09 
1711 4.51162e+09 2.2985e+09 
1712 4.71738e+09 2.40333e+09 
1713 4.89334e+09 2.49297e+09 
1714 5.04049e+09 2.56794e+09 
1715 5.15983e+09 2.62874e+09 
1716 5.25238e+09 2.67588e+09 
1717 5.31914e+09 2.7099e+09 
1718 5.36115e+09 2.7313e+09 
1719 5.37941e+09 2.7406e+09 
1720 5.37497e+09 2.73834e+09 
1721 5.34886e+09 2.72504e+09 
1722 5.30212e+09 2.70122e+09 
1723 5.23578e+09 2.66743e+09 
1724 5.15091e+09 2.62419e+09 
1725 5.04856e+09 2.57205e+09 
1726 4.92979e+09 2.51154e+09 
1727 4.79566e+09 2.4432e+09 
1728 4.64724e+09 2.36759e+09 
1729 4.48562e+09 2.28525e+09 
1730 4.31186e+09 2.19673e+09 
1731 4.12706e+09 2.10258e+09 
1732 3.93231e+09 2.00336e+09 
1733 3.72871e+09 1.89963e+09 
1734 3.51735e+09 1.79195e+09 
1735 3.29934e+09 1.68089e+09 
1736 3.07579e+09 1.567e+09 
1737 2.84783e+09 1.45086e+09 
1738 2.61657e+09 1.33304e+09 
1739 2.38314e+09 1.21412e+09 
1740 2.14868e+09 1.09467e+09 
1741 1.91432e+09 9.75271e+08 
1742 1.6812e+09 8.56506e+08 
1743 1.45047e+09 7.38961e+08 
1744 1.2233e+09 6.23224e+08 
1745 1.00083e+09 5.09883e+08 
1746 7.84228e+08 3.99534e+08 
1747 5.74667e+08 2.92771e+08 
1748 3.73322e+08 1.90193e+08 
1749 1.81371e+08 9.24015e+07 
1750 0 0 
1751 -1.69844e+08 -8.6529e+07 
1752 -3.28186e+08 -1.67198e+08 
1753 -4.75294e+08 -2.42144e+08 
1754 -6.11441e+08 -3.11506e+08 
1755 -7.36898e+08 -3.75421e+08 
1756 -8.51938e+08 -4.3403e+08 
1757 -9.56836e+08 -4.87471e+08 
1758 -1.05187e+09 -5.35886e+08 
1759 -1.13731e+09 -5.79417e+08 
1760 -1.21345e+09 -6.18205e+08 
1761 -1.28055e+09 -6.52393e+08 
1762 -1.33891e+09 -6.82125e+08 
1763 -1.38881e+09 -7.07545e+08 
1764 -1.43052e+09 -7.28797e+08 
1765 -1.46435e+09 -7.46028e+08 
1766 -1.49056e+09 -7.59384e+08 
1767 -1.50946e+09 -7.69012e+08 
1768 -1.52133e+09 -7.75059e+08 
1769 -1.52646e+09 -7.77674e+08 
1770 -1.52515e+09 -7.77007e+08 
1771 -1.51769e+09 -7.73207e+08 
1772 -1.50438e+09 -7.66425e+08 
1773 -1.48551e+09 -7.56812e+08 
1774 -1.46139e+09 -7.44521e+08 
1775 -1.4323e+09 -7.29703e+08 
1776 -1.39856e+09 -7.12513e+08 
1777 -1.36046e+09 -6.93104e+08 
1778 -1.31832e+09 -6.71632e+08 
1779 -1.27243e+09 -6.48253e+08 
1780 -1.2231e+09 -6.23122e+08 
1781 -1.17064e+09 -5.96397e+08 
1782 -1.11537e+09 -5.68236e+08 
1783 -1.05758e+09 -5.38797e+08 
1784 -9.976e+08 -5.08239e+08 
1785 -9.35738e+08 -4.76723e+08 
1786 -8.7231e+08 -4.44408e+08 
1787 -8.07633e+08 -4.11458e+08 
1788 -7.42025e+08 -3.78033e+08 
1789 -6.75807e+08 -3.44298e+08 
1790 -6.09299e+08 -3.10414e+08 
1791 -5.42824e+08 -2.76548e+08 
1792 -4.76706e+08 -2.42864e+08 
1793 -4.11271e+08 -2.09527e+08 
1794 -3.46846e+08 -1.76705e+08 
1795 -2.8376e+08 -1.44565e+08 
1796 -2.22341e+08 -1.13274e+08 
1797 -1.62923e+08 -8.30028e+07 
1798 -1.05836e+08 -5.39196e+07 
1799 -5.14169e+07 -2.61949e+07 
1800 0 0 
1801 4.81462e+07 2.45286e+07 
1802 9.30291e+07 4.73947e+07 
1803 1.34725e+08 6.86373e+07 
1804 1.73312e+08 8.82957e+07 
1805 2.08866e+08 1.06409e+08 
1806 2.41466e+08 1.23018e+08 
1807 2.71189e+08 1.3816e+08 
1808 2.98115e+08 1.51878e+08 
1809 3.22321e+08 1.6421e+08 
1810 3.43889e+08 1.75198e+08 
1811 3.62896e+08 1.84882e+08 
1812 3.79423e+08 1.93302e+08 
1813 3.93551e+08 2.00499e+08 
1814 4.05361e+08 2.06516e+08 
1815 4.14933e+08 2.11393e+08 
1816 4.2235e+08 2.15171e+08 
1817 4.27692e+08 2.17893e+08 
1818 4.31043e+08 2.196e+08 
1819 4.32486e+08 2.20335e+08 
1820 4.32103e+08 2.2014e+08 
1821 4.29978e+08 2.19057e+08 
1822 4.26195e+08 2.1713e+08 
1823 4.20838e+08 2.14401e+08 
1824 4.13992e+08 2.10913e+08 
1825 4.05741e+08 2.0671e+08 
1826 3.96172e+08 2.01835e+08 
1827 3.85371e+08 1.96332e+08 
1828 3.73423e+08 1.90245e+08 
1829 3.60415e+08 1.83617e+08 
1830 3.46434e+08 1.76495e+08 
1831 3.31567e+08 1.68921e+08 
1832 3.15903e+08 1.6094e+08 
1833 2.99529e+08 1.52599e+08 
1834 2.82535e+08 1.43941e+08 
1835 2.65008e+08 1.35012e+08 
1836 2.47039e+08 1.25857e+08 
1837 2.28718e+08 1.16523e+08 
1838 2.10133e+08 1.07055e+08 
1839 1.91377e+08 9.74992e+07 
1840 1.72539e+08 8.79022e+07 
1841 1.53712e+08 7.83104e+07 
1842 1.34987e+08 6.87706e+07 
1843 1.16456e+08 5.93298e+07 
1844 9.82115e+07 5.0035e+07 
1845 8.03469e+07 4.09337e+07 
1846 6.29553e+07 3.20733e+07 
1847 4.61304e+07 2.35017e+07 
1848 2.99665e+07 1.52668e+07 
1849 1.4558e+07 7.41676e+06 
1850 0 0 
1851 -1.36318e+07 -6.94488e+06 
1852 -2.63395e+07 -1.3419e+07 
1853 -3.81448e+07 -1.94333e+07 
1854 -4.90697e+07 -2.49991e+07 
1855 -5.9136e+07 -3.01275e+07 
1856 -6.83658e+07 -3.48298e+07 
1857 -7.67813e+07 -3.91171e+07 
1858 -8.44047e+07 -4.3001e+07 
1859 -9.12585e+07 -4.64927e+07 
1860 -9.7365e+07 -4.96037e+07 
1861 -1.02747e+08 -5.23456e+07 
1862 -1.07427e+08 -5.47298e+07 
1863 -1.11428e+08 -5.67681e+07 
1864 -1.14772e+08 -5.8472e+07 
1865 -1.17483e+08 -5.98533e+07 
1866 -1.19584e+08 -6.09237e+07 
1867 -1.21099e+08 -6.16951e+07 
1868 -1.22049e+08 -6.21793e+07 
1869 -1.22459e+08 -6.23884e+07 
1870 -1.22353e+08 -6.23342e+07 
1871 -1.21754e+08 -6.20288e+07 
1872 -1.20685e+08 -6.14844e+07 
1873 -1.19171e+08 -6.0713e+07 
1874 -1.17235e+08 -5.97269e+07 
1875 -1.14902e+08 -5.85383e+07 
1876 -1.12196e+08 -5.71595e+07 
1877 -1.09141e+08 -5.5603e+07 
1878 -1.05761e+08 -5.38811e+07 
1879 -1.02081e+08 -5.20063e+07 
1880 -9.81254e+07 -4.99911e+07 
1881 -9.39191e+07 -4.78482e+07 
1882 -8.94868e+07 -4.55901e+07 
1883 -8.48535e+07 -4.32296e+07 
1884 -8.00441e+07 -4.07794e+07 
1885 -7.50839e+07 -3.82523e+07 
1886 -6.99979e+07 -3.56613e+07 
1887 -6.48118e+07 -3.30191e+07 
1888 -5.95507e+07 -3.03388e+07 
1889 -5.42405e+07 -2.76334e+07 
1890 -4.89066e+07 -2.4916e+07 
1891 -4.3575e+07 -2.21998e+07 
1892 -3.82715e+07 -1.94979e+07 
1893 -3.30221e+07 -1.68235e+07 
1894 -2.7853e+07 -1.419e+07 
1895 -2.27903e+07 -1.16108e+07 
1896 -1.78605e+07 -9.09924e+06 
1897 -1.30899e+07 -6.66882e+06 
1898 -8.5052e+06 -4.33307e+06 
1899 -4.13296e+06 -2.10559e+06 
1900 0 0 
1901 3.87229e+06 1.97279e+06 
1902 7.48445e+06 3.81304e+06 
1903 1.08425e+07 5.52385e+06 
1904 1.39526e+07 7.1083e+06 
1905 1.68207e+07 8.56951e+06 
1906 1.94531e+07 9.91059e+06 
1907 2.18558e+07 1.11347e+07 
1908 2.40351e+07 1.2245e+07 
1909 2.59972e+07 1.32446e+07 
1910 2.77483e+07 1.41367e+07 
1911 2.92947e+07 1.49245e+07 
1912 3.06426e+07 1.56113e+07 
1913 3.17985e+07 1.62001e+07 
1914 3.27687e+07 1.66944e+07 
1915 3.35596e+07 1.70973e+07 
1916 3.41775e+07 1.74121e+07 
1917 3.4629e+07 1.76421e+07 
1918 3.49205e+07 1.77906e+07 
1919 3.50584e+07 1.78609e+07 
1920 3.50494e+07 1.78563e+07 
1921 3.48999e+07 1.77802e+07 
1922 3.46167e+07 1.76359e+07 
1923 3.42062e+07 1.74267e+07 
1924 3.36751e+07 1.71562e+07 
1925 3.30301e+07 1.68276e+07 
1926 3.22779e+07 1.64444e+07 
1927 3.14253e+07 1.601e+07 
1928 3.04789e+07 1.55278e+07 
1929 2.94457e+07 1.50014e+07 
1930 2.83323e+07 1.44342e+07 
1931 2.71456e+07 1.38297e+07 
1932 2.58926e+07 1.31913e+07 
1933 2.45801e+07 1.25226e+07 
1934 2.3215e+07 1.18272e+07 
1935 2.18044e+07 1.11085e+07 
1936 2.03552e+07 1.03702e+07 
1937 1.88744e+07 9.61578e+06 
1938 1.73691e+07 8.84888e+06 
1939 1.58463e+07 8.0731e+06 
1940 1.43133e+07 7.29206e+06 
1941 1.2777e+07 6.5094e+06 
1942 1.12448e+07 5.72877e+06 
1943 9.72366e+06 4.95383e+06 
1944 8.22098e+06 4.18827e+06 
1945 6.74397e+06 3.43579e+06 
1946 5.29991e+06 2.7001e+06 
1947 3.89612e+06 1.98492e+06 
1948 2.53995e+06 1.29401e+06 
1949 1.23877e+06 631108 
1950 0 0 
1951 -1.17039e+06 -596266 
1952 -2.27216e+06 -1.15758e+06 
1953 -3.30657e+06 -1.68457e+06 
1954 -4.27485e+06 -2.17787e+06 
1955 -5.17824e+06 -2.63812e+06 
1956 -6.018e+06 -3.06594e+06 
1957 -6.79538e+06 -3.46198e+06 
1958 -7.51164e+06 -3.82689e+06 
1959 -8.16806e+06 -4.16131e+06 
1960 -8.7659e+06 -4.46589e+06 
1961 -9.30646e+06 -4.74128e+06 
1962 -9.79101e+06 -4.98814e+06 
1963 -1.02208e+07 -5.20713e+06 
1964 -1.05973e+07 -5.3989e+06 
1965 -1.09216e+07 -5.56412e+06 
1966 -1.11951e+07 -5.70346e+06 
1967 -1.14191e+07 -5.81758e+06 
1968 -1.15949e+07 -5.90717e+06 
1969 -1.17239e+07 -5.97289e+06 
1970 -1.18074e+07 -6.01542e+06 
1971 -1.18467e+07 -6.03545e+06 
1972 -1.18432e+07 -6.03367e+06 
1973 -1.17982e+07 -6.01075e+06 
1974 -1.17131e+07 -5.96739e+06 
1975 -1.15893e+07 -5.90429e+06 
1976 -1.1428e+07 -5.82213e+06 
1977 -1.12307e+07 -5.72163e+06 
1978 -1.09988e+07 -5.60347e+06 
1979 -1.07336e+07 -5.46838e+06 
1980 -1.04366e+07 -5.31705e+06 
1981 -1.01091e+07 -5.15021e+06 
1982 -9.75255e+06 -4.96855e+06 
1983 -9.36834e+06 -4.77281e+06 
1984 -8.95789e+06 -4.5637e+06 
1985 -8.52262e+06 -4.34195e+06 
1986 -8.06395e+06 -4.10828e+06 
1987 -7.58334e+06 -3.86342e+06 
1988 -7.0822e+06 -3.60811e+06 
1989 -6.56199e+06 -3.34308e+06 
1990 -6.02415e+06 -3.06908e+06 
1991 -5.47015e+06 -2.78683e+06 
1992 -4.90145e+06 -2.4971e+06 
1993 -4.31951e+06 -2.20062e+06 
1994 -3.72581e+06 -1.89816e+06 
1995 -3.12183e+06 -1.59045e+06 
1996 -2.50906e+06 -1.27827e+06 
1997 -1.88899e+06 -962367 
1998 -1.26312e+06 -643509 
1999 -632950 -322464 
2000 0 0 
