-10 6.25858e+23 4.68319e+10 5.03242e+06 4.96085e-16 -4.62906e-16 4.60687e-16 9.63179e+30 4.37282e+26 1.98526e+22 0.0210985 0.112666 2.69655e-14 0.51203 0.354206 0
-9.89899 6.89863e+23 5.70398e+10 4.14101e+06 4.516e-16 -4.18654e-16 4.1625e-16 8.70513e+30 4.37218e+26 2.19595e+22 0.0230138 0.122894 3.98244e-14 0.504852 0.349241 0
-9.79798 7.6015e+23 6.94385e+10 3.40966e+06 4.11365e-16 -3.78672e-16 3.76073e-16 7.86751e+30 4.37148e+26 2.42896e+22 0.025071 0.133879 5.87406e-14 0.497142 0.343907 0
-9.69697 8.37286e+23 8.44957e+10 2.8094e+06 3.74971e-16 -3.4255e-16 3.39747e-16 7.11037e+30 4.37071e+26 2.68665e+22 0.027275 0.145648 8.65236e-14 0.488883 0.338194 0
-9.59596 9.21876e+23 1.02757e+11 2.3165e+06 3.42045e-16 -3.09919e-16 3.06901e-16 6.42599e+30 4.36986e+26 2.97164e+22 0.0296294 0.158221 1.27262e-13 0.480059 0.33209 0
-9.49495 1.01458e+24 1.24904e+11 1.91156e+06 3.12254e-16 -2.80444e-16 2.77203e-16 5.80738e+30 4.36894e+26 3.28679e+22 0.032137 0.171612 1.86889e-13 0.470662 0.325589 0
-9.39394 1.11607e+24 1.5172e+11 1.57872e+06 2.85294e-16 -2.53822e-16 2.50351e-16 5.24821e+30 4.36792e+26 3.63529e+22 0.0347992 0.185828 2.74001e-13 0.460685 0.318688 0
-9.29293 1.22712e+24 1.84187e+11 1.30497e+06 2.6089e-16 -2.29781e-16 2.26072e-16 4.74277e+30 4.36681e+26 4.02065e+22 0.0376158 0.200868 4.01013e-13 0.45013 0.311386 0
-9.19192 1.34849e+24 2.23434e+11 1.07969e+06 2.38795e-16 -2.08073e-16 2.0412e-16 4.28591e+30 4.3656e+26 4.44676e+22 0.0405852 0.216725 5.85813e-13 0.439002 0.303688 0
-9.09091 1.48103e+24 2.70857e+11 894178 2.18784e-16 -1.88474e-16 1.84275e-16 3.87296e+30 4.36427e+26 4.91791e+22 0.0437036 0.233377 8.5411e-13 0.427315 0.295604 0
-8.9899 1.62561e+24 3.28081e+11 741294 2.00655e-16 -1.70782e-16 1.66334e-16 3.49971e+30 4.36283e+26 5.43882e+22 0.0469656 0.250796 1.24274e-12 0.415091 0.287147 0
-8.88889 1.78318e+24 3.97073e+11 615205 1.84225e-16 -1.54813e-16 1.50117e-16 3.16232e+30 4.36125e+26 6.01472e+22 0.0503636 0.268941 1.80435e-12 0.402357 0.278338 0
-8.78788 1.9547e+24 4.8016e+11 511129 1.69328e-16 -1.40402e-16 1.35461e-16 2.85738e+30 4.35954e+26 6.6514e+22 0.0538878 0.287761 2.61396e-12 0.38915 0.269202 0
-8.68687 2.1412e+24 5.80097e+11 425148 1.55814e-16 -1.274e-16 1.22218e-16 2.58175e+30 4.35767e+26 7.35521e+22 0.0575264 0.307191 3.77817e-12 0.375514 0.259769 0
-8.58586 2.34376e+24 7.00193e+11 354048 1.43548e-16 -1.15669e-16 1.10254e-16 2.33262e+30 4.35565e+26 8.1332e+22 0.0612658 0.327159 5.44799e-12 0.3615 0.250075 0
-8.48485 2.56349e+24 8.44283e+11 295196 1.32407e-16 -1.05087e-16 9.94498e-17 2.10744e+30 4.35345e+26 8.99312e+22 0.0650904 0.347582 7.83681e-12 0.347167 0.24016 0
-8.38384 2.80156e+24 1.01704e+12 246432 1.22283e-16 -9.55426e-17 8.96951e-17 1.90393e+30 4.35107e+26 9.94354e+22 0.0689829 0.368369 1.12452e-11 0.33258 0.230068 0
-8.28283 3.05918e+24 1.22378e+12 205981 1.13074e-16 -8.69347e-17 8.08919e-17 1.71999e+30 4.34849e+26 1.09939e+23 0.072925 0.38942 1.60956e-11 0.317807 0.219849 0
-8.18182 3.3376e+24 1.47104e+12 172388 1.04692e-16 -7.91718e-17 7.29509e-17 1.55374e+30 4.34571e+26 1.21546e+23 0.0768972 0.410631 2.29798e-11 0.302921 0.209551 0
-8.08081 3.63812e+24 1.76621e+12 144458 9.70544e-17 -7.21709e-17 6.5791e-17 1.40349e+30 4.3427e+26 1.34372e+23 0.0808794 0.431896 3.27249e-11 0.287997 0.199227 0
-7.9798 3.96208e+24 2.11829e+12 121207 9.00888e-17 -6.58568e-17 5.93389e-17 1.2677e+30 4.33946e+26 1.48544e+23 0.0848514 0.453106 4.6484e-11 0.273112 0.18893 0
-7.87879 4.31086e+24 2.53757e+12 101828 8.37292e-17 -6.01616e-17 5.3528e-17 1.14499e+30 4.33597e+26 1.642e+23 0.088793 0.474155 6.58609e-11 0.25834 0.178712 0
-7.77778 4.68589e+24 3.03637e+12 85654.4 7.79162e-17 -5.50236e-17 4.82975e-17 1.03409e+30 4.33222e+26 1.81495e+23 0.0926849 0.494937 9.30813e-11 0.243755 0.168622 0
-7.67677 5.08865e+24 3.62896e+12 72138.8 7.25965e-17 -5.03869e-17 4.35923e-17 9.33867e+29 4.3282e+26 2.00599e+23 0.0965085 0.515355 1.31227e-10 0.229426 0.15871 0
-7.57576 5.52066e+24 4.33211e+12 60829.5 6.77219e-17 -4.62011e-17 3.93621e-17 8.43302e+29 4.32388e+26 2.21699e+23 0.100247 0.535318 1.84558e-10 0.215417 0.149019 0
-7.47475 5.98349e+24 5.16557e+12 51353.8 6.32493e-17 -4.24205e-17 3.55613e-17 7.61465e+29 4.31925e+26 2.45e+23 0.103884 0.554741 2.5895e-10 0.201786 0.139589 0
-7.37374 6.47876e+24 6.15207e+12 43403.9 5.91398e-17 -3.90039e-17 3.2148e-17 6.87517e+29 4.3143e+26 2.7073e+23 0.107407 0.573553 3.62496e-10 0.188584 0.130457 0
-7.27273 7.00815e+24 7.31883e+12 36725.4 5.53587e-17 -3.59142e-17 2.90843e-17 6.207e+29 4.309e+26 2.99138e+23 0.110803 0.591689 5.06323e-10 0.175856 0.121652 0
-7.17172 7.57338e+24 8.69669e+12 31107.7 5.18746e-17 -3.31177e-17 2.63356e-17 5.6033e+29 4.30335e+26 3.30498e+23 0.114064 0.609099 7.05711e-10 0.163638 0.1132 0
-7.07071 8.17627e+24 1.03229e+13 26376.2 4.86594e-17 -3.05843e-17 2.38701e-17 5.05786e+29 4.29732e+26 3.65114e+23 0.11718 0.625742 9.81609e-10 0.151958 0.10512 0
-6.9697 8.81867e+24 1.22394e+13 22386.1 4.5688e-17 -2.82869e-17 2.16593e-17 4.56509e+29 4.2909e+26 4.03318e+23 0.120148 0.641589 1.36271e-09 0.140837 0.0974265 0
-6.86869 9.50253e+24 1.44969e+13 19017.3 4.29377e-17 -2.6201e-17 1.96772e-17 4.11991e+29 4.28406e+26 4.45474e+23 0.122963 0.65662 1.88828e-09 0.130288 0.0901293 0
-6.76768 1.02299e+25 1.71527e+13 16169.5 4.03885e-17 -2.43048e-17 1.78999e-17 3.71777e+29 4.27678e+26 4.91986e+23 0.125623 0.670826 2.61196e-09 0.120319 0.0832327 0
-6.66667 1.10028e+25 2.02752e+13 13759.6 3.8022e-17 -2.25787e-17 1.63061e-17 3.3545e+29 4.26906e+26 5.43294e+23 0.128129 0.684207 3.60701e-09 0.110928 0.0767367 0
-6.56566 1.18235e+25 2.39429e+13 11718 3.5822e-17 -2.10051e-17 1.48765e-17 3.02639e+29 4.26085e+26 5.99884e+23 0.130481 0.696769 4.97341e-09 0.102112 0.0706377 0
-6.46465 1.26943e+25 2.8248e+13 9986.59 3.37739e-17 -1.95684e-17 1.35935e-17 2.73003e+29 4.25214e+26 6.62289e+23 0.132683 0.708529 6.84742e-09 0.093859 0.0649288 0
-6.36364 1.36175e+25 3.3298e+13 8516.81 3.18646e-17 -1.82545e-17 1.24414e-17 2.46238e+29 4.24291e+26 7.31091e+23 0.134739 0.719505 9.41473e-09 0.0861558 0.0595999 0
-6.26263 1.45958e+25 3.92169e+13 7267.96 3.00824e-17 -1.70511e-17 1.1406e-17 2.22068e+29 4.23313e+26 8.06932e+23 0.136652 0.729724 1.29282e-08 0.0789844 0.0546389 0
-6.16162 1.56317e+25 4.61517e+13 6205.89 2.84166e-17 -1.59468e-17 1.04748e-17 2.00241e+29 4.22277e+26 8.90515e+23 0.13843 0.739214 1.77318e-08 0.0723244 0.0500317 0
-6.06061 1.6728e+25 5.42696e+13 5301.93 2.68578e-17 -1.49318e-17 9.63618e-18 1.80533e+29 4.2118e+26 9.82608e+23 0.140076 0.748007 2.42937e-08 0.0661534 0.0457628 0
-5.9596 1.78877e+25 6.3771e+13 4531.94 2.53974e-17 -1.39973e-17 8.88017e-18 1.62738e+29 4.20021e+26 1.08405e+24 0.141599 0.756138 3.325e-08 0.0604476 0.0418158 0
-5.85859 1.91137e+25 7.48816e+13 3875.6 2.40276e-17 -1.31354e-17 8.19767e-18 1.46674e+29 4.18795e+26 1.19578e+24 0.143004 0.763641 4.54658e-08 0.0551822 0.0381733 0
-5.75758 2.04094e+25 8.78736e+13 3315.73 2.27416e-17 -1.2339e-17 7.58062e-18 1.32172e+29 4.17499e+26 1.31878e+24 0.144298 0.770552 6.21158e-08 0.0503319 0.0348181 0
-5.65657 2.1778e+25 1.03053e+14 2837.88 2.15329e-17 -1.1602e-17 7.02185e-18 1.19082e+29 4.1613e+26 1.45417e+24 0.145488 0.776908 8.47957e-08 0.0458715 0.0317325 0
-5.55556 2.32232e+25 1.20788e+14 2429.78 2.03959e-17 -1.09187e-17 6.51501e-18 1.07267e+29 4.14685e+26 1.60314e+24 0.146581 0.782744 1.15672e-07 0.0417758 0.0288992 0
-5.45455 2.47487e+25 1.41497e+14 2081.06 1.93255e-17 -1.02843e-17 6.05443e-18 9.66044e+28 4.1316e+26 1.76701e+24 0.147583 0.788095 1.57685e-07 0.0380203 0.0263013 0
-5.35354 2.63585e+25 1.65672e+14 1782.94 1.83168e-17 -9.6942e-18 5.63514e-18 8.69828e+28 4.1155e+26 1.9472e+24 0.148501 0.792995 2.14827e-07 0.0345812 0.0239222 0
-5.25253 2.80566e+25 1.93886e+14 1527.95 1.73657e-17 -9.1446e-18 5.25269e-18 7.83014e+28 4.09852e+26 2.14528e+24 0.14934 0.797478 2.9251e-07 0.0314354 0.0217461 0
-5.15152 2.98476e+25 2.26801e+14 1309.77 1.64682e-17 -8.63194e-18 4.90318e-18 7.04692e+28 4.08061e+26 2.36293e+24 0.150107 0.801573 3.98079e-07 0.0285612 0.0197577 0
-5.05051 3.17359e+25 2.652e+14 1123.01 1.56207e-17 -8.15307e-18 4.58313e-18 6.3404e+28 4.06172e+26 2.60198e+24 0.150807 0.805312 5.41495e-07 0.0259375 0.0179428 0
-4.94949 3.37264e+25 3.09972e+14 963.083 1.48201e-17 -7.70517e-18 4.28949e-18 5.70316e+28 4.04182e+26 2.86443e+24 0.151446 0.808721 7.36264e-07 0.0235448 0.0162876 0
-4.84848 3.58242e+25 3.62184e+14 826.093 1.40632e-17 -7.28571e-18 4.01954e-18 5.12846e+28 4.02084e+26 3.15244e+24 0.152028 0.811828 1.0007e-06 0.0213645 0.0147793 0
-4.74747 3.80348e+25 4.23036e+14 708.715 1.33473e-17 -6.89242e-18 3.77089e-18 4.61025e+28 3.99874e+26 3.46833e+24 0.152557 0.814656 1.35962e-06 0.0193792 0.0134059 0
-4.64646 4.03637e+25 4.93974e+14 608.113 1.26699e-17 -6.52327e-18 3.54142e-18 4.14305e+28 3.97545e+26 3.81463e+24 0.153039 0.81723 1.84668e-06 0.0175726 0.0121562 0
-4.54545 4.2817e+25 5.76626e+14 521.869 1.20287e-17 -6.1764e-18 3.32926e-18 3.72189e+28 3.95091e+26 4.19403e+24 0.153478 0.81957 2.50749e-06 0.0159298 0.0110197 0
-4.44444 4.54008e+25 6.72946e+14 447.916 1.14215e-17 -5.85016e-18 3.13274e-18 3.3423e+28 3.92507e+26 4.60946e+24 0.153876 0.821697 3.40384e-06 0.0144367 0.00998686 0
-4.34343 4.81219e+25 7.85148e+14 384.489 1.08462e-17 -5.54305e-18 2.9504e-18 3.00024e+28 3.89786e+26 5.06404e+24 0.154238 0.823629 4.61948e-06 0.0130804 0.00904858 0
-4.24242 5.09871e+25 9.15861e+14 330.081 1.03011e-17 -5.25369e-18 2.78092e-18 2.69206e+28 3.86921e+26 5.5611e+24 0.154566 0.825382 6.26788e-06 0.0118488 0.00819664 0
-4.14141 5.40038e+25 1.06811e+15 283.4 9.78432e-18 -4.98085e-18 2.62316e-18 2.41444e+28 3.83905e+26 6.10422e+24 0.154864 0.826973 8.50279e-06 0.0107311 0.00742342 0
-4.0404 5.71796e+25 1.24542e+15 243.343 9.29434e-18 -4.7234e-18 2.47607e-18 2.16442e+28 3.80729e+26 6.69716e+24 0.155134 0.828416 1.15325e-05 0.00971699 0.00672191 0
-3.93939 6.05228e+25 1.45193e+15 208.966 8.82962e-18 -4.48031e-18 2.33874e-18 1.93929e+28 3.77386e+26 7.34392e+24 0.155379 0.829723 1.56391e-05 0.00879728 0.00608568 0
-3.83838 6.40418e+25 1.69237e+15 179.458 8.38877e-18 -4.25063e-18 2.21037e-18 1.73662e+28 3.73867e+26 8.04874e+24 0.1556 0.830906 2.12049e-05 0.00796341 0.00550884 0
-3.73737 6.77455e+25 1.97238e+15 154.128 7.97048e-18 -4.03349e-18 2.09021e-18 1.55422e+28 3.70163e+26 8.81601e+24 0.155801 0.831977 2.87474e-05 0.00720759 0.00498599 0
-3.63636 7.16435e+25 2.29834e+15 132.381 7.57353e-18 -3.82811e-18 1.97761e-18 1.39011e+28 3.66265e+26 9.65034e+24 0.155982 0.832944 3.8968e-05 0.00652269 0.0045122 0
-3.53535 7.57458e+25 2.67791e+15 113.71 7.19676e-18 -3.63374e-18 1.87202e-18 1.24248e+28 3.62163e+26 1.05565e+25 0.156145 0.833817 5.28162e-05 0.00590219 0.00408295 0
-3.43434 8.00626e+25 3.1197e+15 97.6766 6.83909e-18 -3.44971e-18 1.7729e-18 1.10972e+28 3.57846e+26 1.15393e+25 0.156292 0.834602 7.15781e-05 0.00534016 0.00369415 0
-3.33333 8.46051e+25 3.63409e+15 83.9084 6.49952e-18 -3.27538e-18 1.67979e-18 9.90366e+27 3.53303e+26 1.26037e+25 0.156424 0.835306 9.69953e-05 0.00483117 0.00334205 0
-3.23232 8.93848e+25 4.23279e+15 72.0842 6.17709e-18 -3.11016e-18 1.5923e-18 8.83105e+27 3.48524e+26 1.37547e+25 0.156542 0.835933 0.000131426 0.00437029 0.00302323 0
-3.13131 9.44139e+25 4.92975e+15 61.9289 5.87092e-18 -2.95352e-18 1.51007e-18 7.86741e+27 3.43494e+26 1.49971e+25 0.156646 0.836489 0.000178063 0.00395303 0.00273458 0
-3.0303 9.97051e+25 5.74093e+15 53.2066 5.58015e-18 -2.80493e-18 1.43279e-18 7.00199e+27 3.38203e+26 1.63356e+25 0.156737 0.836974 0.000241229 0.00357531 0.00247329 0
-2.92929 1.05272e+26 6.68507e+15 45.7147 5.30401e-18 -2.66391e-18 1.36019e-18 6.22509e+27 3.32636e+26 1.77744e+25 0.156814 0.837389 0.000326776 0.00323341 0.00223677 0
-2.82828 1.11128e+26 7.78398e+15 39.2794 5.04175e-18 -2.53e-18 1.29206e-18 5.52793e+27 3.2678e+26 1.93174e+25 0.156879 0.837732 0.000442621 0.00292396 0.0020227 0
-2.72727 1.1729e+26 9.06278e+15 33.7515 4.79267e-18 -2.40275e-18 1.22822e-18 4.90262e+27 3.20619e+26 2.09676e+25 0.156929 0.837999 0.000599481 0.00264388 0.00182895 0
-2.62626 1.23771e+26 1.05512e+16 29.0031 4.55613e-18 -2.28173e-18 1.16855e-18 4.34202e+27 3.14138e+26 2.27273e+25 0.156963 0.838181 0.000811847 0.00239038 0.00165359 0
-2.52525 1.30588e+26 1.22829e+16 24.9241 4.33152e-18 -2.16654e-18 1.113e-18 3.83968e+27 3.0732e+26 2.45973e+25 0.156979 0.838266 0.00109932 0.00216094 0.00149487 0
-2.42424 1.37759e+26 1.42984e+16 21.4203 4.11827e-18 -2.05674e-18 1.06156e-18 3.38979e+27 3.0015e+26 2.65768e+25 0.156973 0.838234 0.00148837 0.00195325 0.0013512 0
-2.32323 1.453e+26 1.6643e+16 18.4106 3.91585e-18 -1.95194e-18 1.01432e-18 2.98712e+27 2.92608e+26 2.86629e+25 0.15694 0.838059 0.00201476 0.00176522 0.00122113 0
-2.22222 1.53231e+26 1.93712e+16 15.8256 3.72378e-18 -1.85169e-18 9.71427e-19 2.62695e+27 2.84677e+26 3.08499e+25 0.156873 0.837702 0.00272674 0.00159495 0.00110334 0
-2.12121 1.61571e+26 2.25443e+16 13.6054 3.54163e-18 -1.75553e-18 9.33173e-19 2.305e+27 2.76338e+26 3.31291e+25 0.156762 0.837111 0.00368928 0.0014407 0.000996628 0
-2.0202 1.70338e+26 2.62354e+16 11.6988 3.36901e-18 -1.663e-18 8.99961e-19 2.01744e+27 2.6757e+26 3.54874e+25 0.156595 0.836215 0.00498977 0.00130088 0.000899912 0
-1.91919 1.79554e+26 3.05272e+16 10.0618 3.20557e-18 -1.57353e-18 8.72362e-19 1.7608e+27 2.58354e+26 3.79071e+25 0.156351 0.834917 0.00674544 0.00117408 0.000812189 0
-1.81818 1.89239e+26 3.55166e+16 8.65665 3.05104e-18 -1.48655e-18 8.51141e-19 1.53197e+27 2.4867e+26 4.03642e+25 0.156009 0.833087 0.009113 0.00105895 0.000732548 0
-1.71717 1.99411e+26 4.13148e+16 7.45092 2.9052e-18 -1.40134e-18 8.37297e-19 1.32813e+27 2.38497e+26 4.28277e+25 0.155534 0.830551 0.012301 0.000954295 0.000660152 0
-1.61616 2.10092e+26 4.8049e+16 6.41679 2.76791e-18 -1.31711e-18 8.32106e-19 1.14677e+27 2.27817e+26 4.5258e+25 0.154883 0.827078 0.0165854 0.000859003 0.000594232 0
-1.51515 2.21298e+26 5.58663e+16 5.5304 2.63912e-18 -1.23289e-18 8.37158e-19 9.85602e+26 2.16611e+26 4.76056e+25 0.154001 0.822365 0.022328 0.000772049 0.000534079 0
-1.41414 2.33045e+26 6.4931e+16 4.7713 2.51888e-18 -1.14757e-18 8.54384e-19 8.42593e+26 2.04863e+26 4.98093e+25 0.152812 0.816018 0.0299977 0.000692488 0.000479041 0
-1.31313 2.45345e+26 7.54322e+16 4.12196 2.40737e-18 -1.0598e-18 8.86046e-19 7.15912e+26 1.92563e+26 5.1795e+25 0.151224 0.807535 0.0401934 0.000619449 0.000428515 0
-1.21212 2.58204e+26 8.7576e+16 3.56736 2.30491e-18 -9.68002e-19 9.34678e-19 6.03916e+26 1.79704e+26 5.34738e+25 0.149117 0.796287 0.053662 0.000552135 0.00038195 0
-1.11111 2.71619e+26 1.01592e+17 3.09465 2.21201e-18 -8.7032e-19 1.00292e-18 5.05143e+26 1.6629e+26 5.47414e+25 0.146351 0.781513 0.0713079 0.000489828 0.000338848 0
-1.0101 2.85577e+26 1.17724e+17 2.69281 2.12936e-18 -7.64648e-19 1.09324e-18 4.18283e+26 1.52331e+26 5.54763e+25 0.142759 0.762332 0.0941782 0.000431901 0.000298775 0
-0.909091 3.00049e+26 1.3623e+17 2.35239 2.05788e-18 -6.48659e-19 1.20739e-18 3.42176e+26 1.3786e+26 5.55423e+25 0.138163 0.73779 0.123408 0.000377837 0.000261376 0
-0.808081 3.14987e+26 1.57362e+17 2.06528 1.99874e-18 -5.19911e-19 1.34581e-18 2.75785e+26 1.22921e+26 5.47874e+25 0.132388 0.706953 0.160105 0.000327261 0.000226389 0
-0.707071 3.30323e+26 1.81352e+17 1.82446 1.95336e-18 -3.76016e-19 1.50681e-18 2.18187e+26 1.07585e+26 5.30487e+25 0.125294 0.669072 0.20516 0.000279968 0.000193673 0
-0.606061 3.45959e+26 2.0841e+17 1.62385 1.92336e-18 -2.14889e-19 1.686e-18 1.68562e+26 9.19498e+25 5.01582e+25 0.116817 0.623802 0.258982 0.000235947 0.00016322 0
-0.505051 3.6176e+26 2.38704e+17 1.45808 1.91058e-18 -3.50379e-20 1.87616e-18 1.26182e+26 7.6148e+25 4.59534e+25 0.107011 0.571441 0.321218 0.000195375 0.000135155 0
-0.40404 3.77596e+26 2.72252e+17 1.32238 1.91694e-18 1.64193e-19 2.06809e-18 9.03394e+25 6.03121e+25 4.02654e+25 0.0960893 0.513117 0.390525 0.00015858 0.0001097 0
-0.30303 3.93327e+26 3.08945e+17 1.21245 1.94439e-18 3.82502e-19 2.25248e-18 6.03613e+25 4.45815e+25 3.29268e+25 0.084422 0.450813 0.464552 0.000125939 8.71205e-05 0
-0.20202 4.08708e+26 3.48864e+17 1.12438 1.99481e-18 6.18743e-19 2.4223e-18 3.57374e+25 2.92003e+25 2.38589e+25 0.0725019 0.38716 0.540172 9.77655e-05 6.76311e-05 0
-0.10101 4.235e+26 3.92003e+17 1.05463 2.06994e-18 8.71273e-19 2.575e-18 1.59398e+25 1.44084e+25 1.30241e+25 0.0608656 0.325022 0.613987 7.4189e-05 5.13216e-05 0
0 4.37908e+26 4.37018e+17 1 2.17132e-18 1.13845e-18 2.71327e-18 0 0 0 0.05 0.267 0.682907 5.50896e-05 3.81093e-05 0
