-0.832909 1.3 1.49014e+26 1.08056e+17 2.13106 2.01184e-18 -5.52446e-19 1.30906e-18 2.9127e+26 1.26639e+26 5.50604e+25 0.133956 0.715324 0.150381 0.00033946 0 0
-0.824496 1.28073 1.5027e+26 1.09884e+17 2.10837 2.00723e-18 -5.41382e-19 1.32118e-18 2.85967e+26 1.25384e+26 5.49753e+25 0.133443 0.712587 0.153635 0.000335328 0 0
-0.816083 1.26162 1.51527e+26 1.11732e+17 2.08602 2.00273e-18 -5.30215e-19 1.33347e-18 2.80726e+26 1.24126e+26 5.48835e+25 0.132922 0.709801 0.156946 0.000331219 0 0
-0.807669 1.24268 1.52788e+26 1.13599e+17 2.06398 1.99831e-18 -5.18944e-19 1.34591e-18 2.75546e+26 1.22865e+26 5.47851e+25 0.132391 0.706967 0.160315 0.000327133 0 0
-0.799256 1.22389 1.54052e+26 1.15486e+17 2.04227 1.99399e-18 -5.07567e-19 1.35852e-18 2.70428e+26 1.21602e+26 5.46797e+25 0.131851 0.704084 0.163742 0.000323069 0 0
-0.790843 1.20525 1.55318e+26 1.17394e+17 2.02087 1.98977e-18 -4.96084e-19 1.37128e-18 2.6537e+26 1.20335e+26 5.45675e+25 0.131302 0.701151 0.167228 0.000319028 0 0
-0.78243 1.18678 1.56587e+26 1.19321e+17 1.99978 1.98565e-18 -4.84493e-19 1.38419e-18 2.60372e+26 1.19066e+26 5.44483e+25 0.130743 0.698169 0.170773 0.000315009 0 0
-0.774017 1.16846 1.57859e+26 1.21269e+17 1.97901 1.98162e-18 -4.72793e-19 1.39726e-18 2.55433e+26 1.17795e+26 5.43219e+25 0.130175 0.695136 0.174378 0.000311013 0 0
-0.765603 1.15029 1.59133e+26 1.23237e+17 1.95854 1.97769e-18 -4.60982e-19 1.41047e-18 2.50554e+26 1.16521e+26 5.41884e+25 0.129598 0.692053 0.178042 0.00030704 0 0
-0.75719 1.13228 1.60409e+26 1.25226e+17 1.93837 1.97386e-18 -4.49059e-19 1.42384e-18 2.45732e+26 1.15244e+26 5.40475e+25 0.129011 0.68892 0.181766 0.000303089 0 0
-0.748777 1.11441 1.61688e+26 1.27235e+17 1.9185 1.97014e-18 -4.37023e-19 1.43735e-18 2.40969e+26 1.13965e+26 5.38992e+25 0.128415 0.685735 0.18555 0.000299161 0 0
-0.740364 1.0967 1.6297e+26 1.29265e+17 1.89893 1.96651e-18 -4.24873e-19 1.451e-18 2.36264e+26 1.12684e+26 5.37434e+25 0.127809 0.6825 0.189395 0.000295255 0 0
-0.73195 1.07913 1.64253e+26 1.31316e+17 1.87964 1.96299e-18 -4.12608e-19 1.4648e-18 2.31615e+26 1.114e+26 5.35801e+25 0.127194 0.679214 0.193301 0.000291371 0 0
-0.723537 1.06171 1.65539e+26 1.33388e+17 1.86065 1.95957e-18 -4.00226e-19 1.47873e-18 2.27023e+26 1.10114e+26 5.3409e+25 0.126569 0.675876 0.197268 0.00028751 0 0
-0.715124 1.04444 1.66828e+26 1.35481e+17 1.84194 1.95625e-18 -3.87726e-19 1.49279e-18 2.22488e+26 1.08826e+26 5.32301e+25 0.125934 0.672487 0.201296 0.000283672 0 0
-0.706711 1.02731 1.68118e+26 1.37595e+17 1.82351 1.95305e-18 -3.75107e-19 1.50699e-18 2.18008e+26 1.07535e+26 5.30433e+25 0.125289 0.669046 0.205385 0.000279856 0 0
-0.698298 1.01033 1.6941e+26 1.39731e+17 1.80536 1.94994e-18 -3.62368e-19 1.52131e-18 2.13583e+26 1.06243e+26 5.28486e+25 0.124635 0.665553 0.209535 0.000276063 0 0
-0.689884 0.993485 1.70705e+26 1.41888e+17 1.78749 1.94695e-18 -3.49508e-19 1.53576e-18 2.09213e+26 1.04948e+26 5.26457e+25 0.123972 0.662009 0.213747 0.000272292 0 0
-0.681471 0.976784 1.72001e+26 1.44066e+17 1.76988 1.94406e-18 -3.36526e-19 1.55033e-18 2.04898e+26 1.03652e+26 5.24347e+25 0.123298 0.658413 0.21802 0.000268544 0 0
-0.673058 0.960222 1.733e+26 1.46266e+17 1.75255 1.94129e-18 -3.23422e-19 1.56501e-18 2.00636e+26 1.02354e+26 5.22153e+25 0.122615 0.654766 0.222354 0.000264819 0 0
-0.664645 0.9438 1.746e+26 1.48488e+17 1.73548 1.93862e-18 -3.10193e-19 1.57981e-18 1.96428e+26 1.01054e+26 5.19876e+25 0.121923 0.651067 0.226749 0.000261117 0 0
-0.656231 0.927515 1.75902e+26 1.50731e+17 1.71867 1.93607e-18 -2.96839e-19 1.59471e-18 1.92273e+26 9.97516e+25 5.17514e+25 0.12122 0.647317 0.231205 0.000257438 0 0
-0.647818 0.911366 1.77205e+26 1.52997e+17 1.70213 1.93363e-18 -2.83359e-19 1.60972e-18 1.8817e+26 9.8448e+25 5.15066e+25 0.120508 0.643515 0.235723 0.000253782 0 0
-0.639405 0.895353 1.78511e+26 1.55284e+17 1.68584 1.9313e-18 -2.69752e-19 1.62484e-18 1.8412e+26 9.71429e+25 5.12532e+25 0.119787 0.639662 0.240301 0.000250149 0 0
-0.630992 0.879474 1.79817e+26 1.57594e+17 1.6698 1.92909e-18 -2.56018e-19 1.64004e-18 1.80121e+26 9.58361e+25 5.09909e+25 0.119056 0.635759 0.244939 0.00024654 0 0
-0.622579 0.863728 1.81125e+26 1.59925e+17 1.65401 1.92699e-18 -2.42156e-19 1.65534e-18 1.76174e+26 9.45279e+25 5.07198e+25 0.118315 0.631804 0.249637 0.000242954 0 0
-0.614165 0.848113 1.82435e+26 1.62279e+17 1.63847 1.92501e-18 -2.28165e-19 1.67073e-18 1.72278e+26 9.32184e+25 5.04397e+25 0.117565 0.6278 0.254396 0.000239391 0 0
-0.605752 0.83263 1.83746e+26 1.64655e+17 1.62317 1.92315e-18 -2.14043e-19 1.68619e-18 1.68432e+26 9.19075e+25 5.01506e+25 0.116806 0.623745 0.259213 0.000235852 0 0
-0.597339 0.817276 1.85058e+26 1.67053e+17 1.60812 1.92141e-18 -1.99792e-19 1.70174e-18 1.64637e+26 9.05954e+25 4.98523e+25 0.116038 0.619641 0.26409 0.000232337 0 0
-0.588926 0.802051 1.86371e+26 1.69474e+17 1.5933 1.91979e-18 -1.85409e-19 1.71735e-18 1.60891e+26 8.92821e+25 4.95447e+25 0.11526 0.615487 0.269024 0.000228847 0 0
-0.580512 0.786954 1.87686e+26 1.71917e+17 1.57872 1.91829e-18 -1.70895e-19 1.73304e-18 1.57194e+26 8.79678e+25 4.92278e+25 0.114473 0.611285 0.274017 0.00022538 0 0
-0.572099 0.771983 1.89001e+26 1.74382e+17 1.56437 1.91692e-18 -1.56248e-19 1.74878e-18 1.53547e+26 8.66525e+25 4.89014e+25 0.113677 0.607034 0.279067 0.000221938 0 0
-0.563686 0.757137 1.90317e+26 1.76871e+17 1.55025 1.91566e-18 -1.41469e-19 1.76459e-18 1.49948e+26 8.53363e+25 4.85655e+25 0.112872 0.602736 0.284174 0.00021852 0 0
-0.555273 0.742416 1.91634e+26 1.79381e+17 1.53635 1.91454e-18 -1.26556e-19 1.78044e-18 1.46397e+26 8.40193e+25 4.822e+25 0.112058 0.59839 0.289337 0.000215127 0 0
-0.54686 0.727818 1.92952e+26 1.81915e+17 1.52269 1.91353e-18 -1.1151e-19 1.79634e-18 1.42893e+26 8.27015e+25 4.78647e+25 0.111236 0.593998 0.294554 0.000211759 0 0
-0.538446 0.713343 1.9427e+26 1.84471e+17 1.50924 1.91266e-18 -9.63301e-20 1.81228e-18 1.39437e+26 8.13831e+25 4.74996e+25 0.110405 0.58956 0.299826 0.000208416 0 0
-0.530033 0.698989 1.95589e+26 1.87049e+17 1.49601 1.91191e-18 -8.10158e-20 1.82825e-18 1.36028e+26 8.00642e+25 4.71246e+25 0.109565 0.585078 0.305152 0.000205098 0 0
-0.52162 0.684754 1.96909e+26 1.89651e+17 1.483 1.9113e-18 -6.55671e-20 1.84425e-18 1.32666e+26 7.87447e+25 4.67396e+25 0.108717 0.58055 0.310531 0.000201806 0 0
-0.513207 0.67064 1.98228e+26 1.92275e+17 1.4702 1.91081e-18 -4.99836e-20 1.86028e-18 1.29349e+26 7.74249e+25 4.63445e+25 0.107861 0.575979 0.315961 0.00019854 0 0
-0.504793 0.656643 1.99549e+26 1.94922e+17 1.45761 1.91046e-18 -3.42651e-20 1.87632e-18 1.26079e+26 7.61048e+25 4.59392e+25 0.106997 0.571366 0.321441 0.0001953 0 0
-0.49638 0.642764 2.00869e+26 1.97591e+17 1.44523 1.91024e-18 -1.84117e-20 1.89238e-18 1.22853e+26 7.47845e+25 4.55236e+25 0.106126 0.566711 0.326972 0.000192086 0 0
-0.487967 0.629001 2.02189e+26 2.00284e+17 1.43306 1.91015e-18 -2.42309e-21 1.90844e-18 1.19673e+26 7.34641e+25 4.50976e+25 0.105246 0.562014 0.332551 0.000188898 0 0
-0.479554 0.615353 2.0351e+26 2.02999e+17 1.42109 1.91019e-18 1.37006e-20 1.92451e-18 1.16538e+26 7.21437e+25 4.46612e+25 0.104359 0.557278 0.338177 0.000185737 0 0
-0.471141 0.60182 2.0483e+26 2.05737e+17 1.40932 1.91038e-18 2.99595e-20 1.94057e-18 1.13446e+26 7.08233e+25 4.42143e+25 0.103465 0.552503 0.343849 0.000182603 0 0
-0.462727 0.5884 2.0615e+26 2.08498e+17 1.39775 1.9107e-18 4.63534e-20 1.95661e-18 1.10399e+26 6.95032e+25 4.37567e+25 0.102564 0.54769 0.349566 0.000179495 0 0
-0.454314 0.575093 2.0747e+26 2.11281e+17 1.38637 1.91116e-18 6.28823e-20 1.97265e-18 1.07395e+26 6.81833e+25 4.32884e+25 0.101656 0.542841 0.355327 0.000176416 0 0
-0.445901 0.561897 2.0879e+26 2.14087e+17 1.37518 1.91176e-18 7.9546e-20 1.98866e-18 1.04434e+26 6.68637e+25 4.28093e+25 0.100741 0.537956 0.36113 0.000173363 0 0
-0.437488 0.548811 2.10109e+26 2.16916e+17 1.36419 1.9125e-18 9.63443e-20 2.00464e-18 1.01516e+26 6.55446e+25 4.23193e+25 0.0998195 0.533036 0.366974 0.000170339 0 0
-0.429074 0.535835 2.11427e+26 2.19768e+17 1.35339 1.91338e-18 1.13277e-19 2.02059e-18 9.86408e+25 6.42261e+25 4.18184e+25 0.098892 0.528083 0.372857 0.000167342 0 0
-0.420661 0.522968 2.12745e+26 2.22642e+17 1.34277 1.9144e-18 1.30344e-19 2.0365e-18 9.58073e+25 6.29083e+25 4.13064e+25 0.0979585 0.523099 0.378779 0.000164374 0 0
-0.412248 0.510209 2.14062e+26 2.25539e+17 1.33233 1.91557e-18 1.47544e-19 2.05237e-18 9.30155e+25 6.15912e+25 4.07832e+25 0.0970193 0.518083 0.384736 0.000161434 0 0
-0.403835 0.497556 2.15378e+26 2.28458e+17 1.32207 1.91689e-18 1.64877e-19 2.06819e-18 9.02651e+25 6.02749e+25 4.02488e+25 0.0960746 0.513039 0.390728 0.000158523 0 0
-0.395422 0.48501 2.16694e+26 2.31401e+17 1.312 1.91835e-18 1.82344e-19 2.08396e-18 8.75556e+25 5.89596e+25 3.97032e+25 0.0951247 0.507966 0.396754 0.00015564 0 0
-0.387008 0.472569 2.18008e+26 2.34365e+17 1.30209 1.91996e-18 1.99943e-19 2.09966e-18 8.48868e+25 5.76454e+25 3.91461e+25 0.0941698 0.502867 0.40281 0.000152787 0 0
-0.378595 0.460232 2.19321e+26 2.37352e+17 1.29237 1.92171e-18 2.17674e-19 2.11531e-18 8.22582e+25 5.63323e+25 3.85776e+25 0.0932102 0.497743 0.408897 0.000149963 0 0
-0.370182 0.447998 2.20633e+26 2.40361e+17 1.28281 1.92362e-18 2.35536e-19 2.13088e-18 7.96695e+25 5.50204e+25 3.79976e+25 0.0922462 0.492595 0.415012 0.000147169 0 0
-0.361769 0.435867 2.21943e+26 2.43393e+17 1.27342 1.92568e-18 2.53529e-19 2.14638e-18 7.71203e+25 5.37099e+25 3.74059e+25 0.091278 0.487425 0.421153 0.000144404 0 0
-0.353355 0.423837 2.23252e+26 2.46447e+17 1.2642 1.92788e-18 2.71652e-19 2.16181e-18 7.46103e+25 5.24009e+25 3.68026e+25 0.090306 0.482234 0.427318 0.00014167 0 0
-0.344942 0.411908 2.2456e+26 2.49523e+17 1.25515 1.93025e-18 2.89904e-19 2.17715e-18 7.21392e+25 5.10934e+25 3.61875e+25 0.0893304 0.477024 0.433506 0.000138965 0 0
-0.336529 0.400079 2.25866e+26 2.52621e+17 1.24626 1.93276e-18 3.08285e-19 2.1924e-18 6.97065e+25 4.97876e+25 3.55605e+25 0.0883515 0.471797 0.439715 0.000136291 0 0
-0.328116 0.38835 2.2717e+26 2.55741e+17 1.23752 1.93543e-18 3.26794e-19 2.20757e-18 6.7312e+25 4.84835e+25 3.49217e+25 0.0873696 0.466554 0.445943 0.000133647 0 0
-0.319702 0.376718 2.28472e+26 2.58883e+17 1.22895 1.93826e-18 3.4543e-19 2.22264e-18 6.49553e+25 4.71812e+25 3.42708e+25 0.086385 0.461296 0.452188 0.000131034 0 0
-0.311289 0.365184 2.29772e+26 2.62047e+17 1.22053 1.94125e-18 3.64193e-19 2.23761e-18 6.26359e+25 4.5881e+25 3.36079e+25 0.0853981 0.456026 0.458448 0.000128451 0 0
-0.302876 0.353747 2.31071e+26 2.65232e+17 1.21226 1.94439e-18 3.83081e-19 2.25249e-18 6.03537e+25 4.45827e+25 3.29328e+25 0.084409 0.450744 0.464721 0.0001259 0 0
-0.294463 0.342405 2.32367e+26 2.68439e+17 1.20415 1.94769e-18 4.02094e-19 2.26726e-18 5.81082e+25 4.32866e+25 3.22456e+25 0.0834182 0.445453 0.471005 0.00012338 0 0
-0.28605 0.331158 2.33661e+26 2.71668e+17 1.19618 1.95116e-18 4.21231e-19 2.28192e-18 5.58991e+25 4.19928e+25 3.15461e+25 0.0824259 0.440154 0.477299 0.000120891 0 0
-0.277636 0.320006 2.34952e+26 2.74917e+17 1.18837 1.95478e-18 4.4049e-19 2.29648e-18 5.3726e+25 4.07013e+25 3.08342e+25 0.0814325 0.43485 0.483599 0.000118433 0 0
-0.269223 0.308947 2.36241e+26 2.78189e+17 1.18069 1.95857e-18 4.59872e-19 2.31092e-18 5.15886e+25 3.94123e+25 3.01099e+25 0.0804383 0.42954 0.489905 0.000116007 0 0
-0.26081 0.297981 2.37528e+26 2.81481e+17 1.17316 1.96252e-18 4.79374e-19 2.32525e-18 4.94865e+25 3.81258e+25 2.93731e+25 0.0794435 0.424229 0.496214 0.000113613 0 0
-0.252397 0.287107 2.38811e+26 2.84794e+17 1.16577 1.96664e-18 4.98997e-19 2.33946e-18 4.74195e+25 3.68419e+25 2.86238e+25 0.0784486 0.418916 0.502525 0.00011125 0 0
-0.243983 0.276323 2.40093e+26 2.88128e+17 1.15852 1.97092e-18 5.18739e-19 2.35355e-18 4.53871e+25 3.55608e+25 2.78619e+25 0.0774538 0.413603 0.508834 0.000108919 0 0
-0.23557 0.26563 2.41371e+26 2.91483e+17 1.15141 1.97536e-18 5.38599e-19 2.36753e-18 4.3389e+25 3.42825e+25 2.70873e+25 0.0764594 0.408293 0.515141 0.00010662 0 0
-0.227157 0.255027 2.42646e+26 2.94859e+17 1.14443 1.97998e-18 5.58576e-19 2.38139e-18 4.14248e+25 3.30071e+25 2.62999e+25 0.0754658 0.402987 0.521443 0.000104352 0 0
-0.218744 0.244512 2.43919e+26 2.98254e+17 1.13758 1.98476e-18 5.78669e-19 2.39512e-18 3.94944e+25 3.17348e+25 2.54998e+25 0.0744732 0.397687 0.527738 0.000102117 0 0
-0.210331 0.234086 2.45188e+26 3.01671e+17 1.13087 1.98972e-18 5.98877e-19 2.40874e-18 3.75972e+25 3.04656e+25 2.46868e+25 0.073482 0.392394 0.534024 9.9914e-05 0 0
-0.201917 0.223747 2.46454e+26 3.05107e+17 1.12428 1.99484e-18 6.19199e-19 2.42223e-18 3.57329e+25 2.91996e+25 2.38608e+25 0.0724926 0.38711 0.540299 9.77428e-05 0 0
-0.193504 0.213494 2.47716e+26 3.08563e+17 1.11782 2.00014e-18 6.39634e-19 2.4356e-18 3.39012e+25 2.79369e+25 2.30218e+25 0.0715051 0.381837 0.546562 9.56036e-05 0 0
-0.185091 0.203328 2.48976e+26 3.1204e+17 1.11149 2.0056e-18 6.60181e-19 2.44885e-18 3.21019e+25 2.66776e+25 2.21698e+25 0.07052 0.376577 0.55281 9.34966e-05 0 0
-0.176678 0.193246 2.50232e+26 3.15535e+17 1.10528 2.01125e-18 6.80839e-19 2.46198e-18 3.03344e+25 2.54217e+25 2.13047e+25 0.0695374 0.37133 0.559041 9.14215e-05 0 0
-0.168264 0.18325 2.51484e+26 3.19051e+17 1.09919 2.01706e-18 7.01607e-19 2.47498e-18 2.85985e+25 2.41695e+25 2.04264e+25 0.0685578 0.366099 0.565254 8.93785e-05 0 0
-0.159851 0.173336 2.52732e+26 3.22585e+17 1.09321 2.02305e-18 7.22484e-19 2.48787e-18 2.68939e+25 2.29209e+25 1.95348e+25 0.0675814 0.360885 0.571446 8.73674e-05 0 0
-0.151438 0.163506 2.53977e+26 3.26139e+17 1.08736 2.02922e-18 7.43469e-19 2.50064e-18 2.52202e+25 2.1676e+25 1.86299e+25 0.0666085 0.35569 0.577616 8.53883e-05 0 0
-0.143025 0.153758 2.55218e+26 3.29712e+17 1.08162 2.03556e-18 7.6456e-19 2.51329e-18 2.3577e+25 2.0435e+25 1.77117e+25 0.0656395 0.350515 0.583762 8.3441e-05 0 0
-0.134612 0.144092 2.56455e+26 3.33304e+17 1.07599 2.04208e-18 7.85758e-19 2.52583e-18 2.19642e+25 1.91979e+25 1.678e+25 0.0646745 0.345362 0.589882 8.15255e-05 0 0
-0.126198 0.134507 2.57689e+26 3.36914e+17 1.07048 2.04878e-18 8.07061e-19 2.53825e-18 2.03812e+25 1.79648e+25 1.58349e+25 0.0637138 0.340232 0.595975 7.96417e-05 0 0
-0.117785 0.125002 2.58918e+26 3.40543e+17 1.06508 2.05566e-18 8.28468e-19 2.55056e-18 1.88278e+25 1.67357e+25 1.48762e+25 0.0627579 0.335127 0.602037 7.77895e-05 0 0
-0.109372 0.115577 2.60142e+26 3.4419e+17 1.05978 2.06272e-18 8.49977e-19 2.56277e-18 1.73036e+25 1.55109e+25 1.39039e+25 0.0618068 0.330048 0.608069 7.59688e-05 0 0
-0.100959 0.106231 2.61363e+26 3.47855e+17 1.05459 2.06997e-18 8.7159e-19 2.57487e-18 1.58083e+25 1.42903e+25 1.2918e+25 0.0608609 0.324997 0.614068 7.41794e-05 0 0
-0.0925455 0.096963 2.62579e+26 3.51538e+17 1.04951 2.07739e-18 8.93303e-19 2.58686e-18 1.43416e+25 1.30739e+25 1.19183e+25 0.0599204 0.319975 0.620032 7.24213e-05 0 0
-0.0841322 0.0877727 2.63791e+26 3.55239e+17 1.04453 2.085e-18 9.15117e-19 2.59876e-18 1.29032e+25 1.1862e+25 1.09049e+25 0.0589856 0.314983 0.625961 7.06942e-05 0 0
-0.075719 0.0786594 2.64999e+26 3.58957e+17 1.03965 2.09279e-18 9.37031e-19 2.61056e-18 1.14926e+25 1.06546e+25 9.8776e+24 0.0580567 0.310023 0.631851 6.8998e-05 0 0
-0.0673058 0.0696225 2.66202e+26 3.62693e+17 1.03486 2.10076e-18 9.59043e-19 2.62227e-18 1.01097e+25 9.45165e+24 8.83643e+24 0.057134 0.305095 0.637703 6.73325e-05 0 0
-0.0588926 0.0606613 2.674e+26 3.66446e+17 1.03018 2.10893e-18 9.81154e-19 2.63389e-18 8.754e+24 8.25334e+24 7.78132e+24 0.0562177 0.300202 0.643514 6.56975e-05 0 0
-0.0504793 0.0517751 2.68594e+26 3.70215e+17 1.02559 2.11727e-18 1.00336e-18 2.64542e-18 7.42524e+24 7.05972e+24 6.7122e+24 0.0553079 0.295344 0.649284 6.40929e-05 0 0
-0.0420661 0.0429634 2.69783e+26 3.74001e+17 1.0211 2.12581e-18 1.02567e-18 2.65687e-18 6.12308e+24 5.87085e+24 5.62901e+24 0.054405 0.290523 0.655009 6.25184e-05 0 0
-0.0336529 0.0342256 2.70967e+26 3.77804e+17 1.0167 2.13453e-18 1.04807e-18 2.66825e-18 4.8472e+24 4.68679e+24 4.53169e+24 0.0535092 0.285739 0.660691 6.09738e-05 0 0
-0.0252397 0.0255609 2.72146e+26 3.81623e+17 1.01239 2.14344e-18 1.07056e-18 2.67956e-18 3.59727e+24 3.50762e+24 3.42019e+24 0.0526206 0.280994 0.666326 5.94589e-05 0 0
-0.0168264 0.0169688 2.7332e+26 3.85459e+17 1.00817 2.15255e-18 1.09315e-18 2.6908e-18 2.37298e+24 2.33338e+24 2.29445e+24 0.0517394 0.276288 0.671914 5.79733e-05 0 0
-0.00841322 0.00844871 2.74489e+26 3.8931e+17 1.00404 2.16184e-18 1.11584e-18 2.70198e-18 1.17399e+24 1.16416e+24 1.15441e+24 0.0508658 0.271623 0.677454 5.6517e-05 0 0
0 0 2.75653e+26 3.93177e+17 1 2.17132e-18 1.13862e-18 2.7131e-18 0 0 0 0.05 0.267 0.682945 5.50896e-05 0 0
