3.33564e-05 145.084 
0.000255859 1034.96 
0.000478361 1887.77 
0.000700863 2719 
0.000923365 3532.64 
0.00114587 4330.12 
0.00136837 5112.04 
0.00159087 5878.9 
0.00181337 6631.02 
0.00203588 7368.63 
0.00225838 8091.94 
0.00248088 8801.15 
0.00270338 9496.41 
0.00292588 10177.9 
0.00314839 10845.8 
0.00337089 11500.3 
0.00359339 12141.5 
0.00381589 12769.6 
0.0040384 13384.7 
0.0042609 13987 
0.0044834 14576.7 
0.0047059 15153.8 
0.0049284 15718.5 
0.00515091 16271 
0.00537341 16811.4 
0.00559591 17339.8 
0.00581841 17856.4 
0.00604091 18361.2 
0.00626342 18854.4 
0.00648592 19336.2 
0.00670842 19806.6 
0.00693092 20265.8 
0.00715343 20713.8 
0.00737593 21150.8 
0.00759843 21576.9 
0.00782093 21992.2 
0.00804343 22396.9 
0.00826594 22791 
0.00848844 23174.5 
0.00871094 23547.4 
0.00893344 23910 
0.00915594 24262.6 
0.00937845 24605.6 
0.00960095 24939.2 
0.00982345 25263.6 
0.010046 25578.6 
0.0102685 25884 
0.010491 26179.5 
0.0107135 26464.9 
0.010936 26740.3 
0.0111585 27006.1 
0.011381 27262.6 
0.0116035 27510.2 
0.011826 27749.4 
0.0120485 27980.1 
0.012271 28202.5 
0.0124935 28416.4 
0.012716 28621.7 
0.0129385 28818.5 
0.013161 29006.7 
0.0133835 29186.2 
0.013606 29357.5 
0.0138285 29520.5 
0.014051 29675.5 
0.0142735 29822.7 
0.014496 29962.2 
0.0147185 30094.3 
0.014941 30219.1 
0.0151635 30336.6 
0.015386 30447 
0.0156085 30550.4 
0.015831 30646.9 
0.0160535 30736.6 
0.016276 30819.7 
0.0164985 30896.3 
0.016721 30966.4 
0.0169435 31030.1 
0.017166 31087.5 
0.0173885 31138.8 
0.017611 31183.9 
0.0178335 31223.1 
0.018056 31256.3 
0.0182785 31283.8 
0.018501 31305.6 
0.0187235 31322 
0.018946 31333 
0.0191685 31338.9 
0.019391 31339.6 
0.0196135 31335.5 
0.019836 31326.6 
0.0200586 31313 
0.0202811 31294.9 
0.0205036 31272.3 
0.0207261 31245.5 
0.0209486 31214.4 
0.0211711 31179.2 
0.0213936 31140 
0.0216161 31096.9 
0.0218386 31050 
0.0220611 30999.4 
0.0222836 30945.3 
0.0225061 30887.7 
0.0227286 30826.8 
0.0229511 30762.6 
0.0231736 30695.4 
0.0233961 30625.1 
0.0236186 30552 
0.0238411 30476.1 
0.0240636 30397.6 
0.0242861 30316.5 
0.0245086 30233 
0.0247311 30147.2 
0.0249536 30059.1 
0.0251761 29968.9 
0.0253986 29876.6 
0.0256211 29782.4 
0.0258436 29686.4 
0.0260661 29588.6 
0.0262886 29489.2 
0.0265111 29388.2 
0.0267336 29285.8 
0.0269561 29181.9 
0.0271786 29076.8 
0.0274011 28970.5 
0.0276236 28863.1 
0.0278461 28754.6 
0.0280686 28645.1 
0.0282911 28534.8 
0.0285136 28423.7 
0.0287361 28311.9 
0.0289586 28199.4 
0.0291811 28086.3 
0.0294036 27972.7 
0.0296261 27858.8 
0.0298486 27744.4 
0.0300711 27629.8 
0.0302937 27515 
0.0305162 27400 
0.0307387 27284.8 
0.0309612 27169.7 
0.0311837 27054.5 
0.0314062 26939.4 
0.0316287 26824.4 
0.0318512 26709.6 
0.0320737 26594.9 
0.0322962 26480.5 
0.0325187 26366.5 
0.0327412 26252.8 
0.0329637 26139.5 
0.0331862 26026.6 
0.0334087 25914.3 
0.0336312 25802.4 
0.0338537 25691.2 
0.0340762 25580.5 
0.0342987 25470.5 
0.0345212 25361.2 
0.0347437 25252.5 
0.0349662 25144.6 
0.0351887 25037.5 
0.0354112 24931.1 
0.0356337 24825.6 
0.0358562 24721 
0.0360787 24617.2 
0.0363012 24514.4 
0.0365237 24412.5 
0.0367462 24311.5 
0.0369687 24211.6 
0.0371912 24112.7 
0.0374137 24014.8 
0.0376362 23917.9 
0.0378587 23822.1 
0.0380812 23727.3 
0.0383037 23633.6 
0.0385262 23540.9 
0.0387487 23449.3 
0.0389712 23358.7 
0.0391937 23269.3 
0.0394162 23180.9 
0.0396387 23093.6 
0.0398612 23007.4 
0.0400837 22922.3 
0.0403062 22838.3 
0.0405287 22755.4 
0.0407513 22673.6 
0.0409738 22592.9 
0.0411963 22513.3 
0.0414188 22434.8 
0.0416413 22357.4 
0.0418638 22281 
0.0420863 22205.8 
0.0423088 22131.6 
0.0425313 22058.5 
0.0427538 21986.4 
0.0429763 21915.4 
0.0431988 21845.4 
0.0434213 21776.5 
0.0436438 21708.6 
0.0438663 21641.7 
0.0440888 21575.7 
0.0443113 21510.8 
0.0445338 21446.9 
0.0447563 21383.9 
0.0449788 21321.9 
0.0452013 21260.9 
0.0454238 21200.8 
0.0456463 21141.6 
0.0458688 21083.4 
0.0460913 21026 
0.0463138 20969.5 
0.0465363 20913.8 
0.0467588 20859 
0.0469813 20805 
0.0472038 20751.8 
0.0474263 20699.4 
0.0476488 20647.7 
0.0478713 20596.8 
0.0480938 20546.6 
0.0483163 20497.1 
0.0485388 20448.3 
0.0487613 20400.1 
0.0489838 20352.6 
0.0492063 20305.7 
0.0494288 20259.4 
0.0496513 20213.7 
0.0498738 20168.5 
0.0500963 20123.9 
0.0503188 20079.7 
0.0505413 20036.1 
0.0507638 19992.9 
0.0509864 19950.2 
0.0512089 19907.9 
0.0514314 19866 
0.0516539 19824.5 
0.0518764 19783.4 
0.0520989 19742.6 
0.0523214 19702.2 
0.0525439 19662 
0.0527664 19622.2 
0.0529889 19582.7 
0.0532114 19543.4 
0.0534339 19504.3 
0.0536564 19465.5 
0.0538789 19426.9 
0.0541014 19388.4 
0.0543239 19350.1 
0.0545464 19311.9 
0.0547689 19273.8 
0.0549914 19235.8 
0.0552139 19197.8 
0.0554364 19159.9 
0.0556589 19122.1 
0.0558814 19084.2 
0.0561039 19046.3 
0.0563264 19008.3 
0.0565489 18970.4 
0.0567714 18932.3 
0.0569939 18894.2 
0.0572164 18856 
0.0574389 18817.7 
0.0576614 18779.3 
0.0578839 18740.8 
0.0581064 18702.2 
0.0583289 18663.4 
0.0585514 18624.4 
0.0587739 18585.3 
0.0589964 18546 
0.0592189 18506.4 
0.0594414 18466.7 
0.0596639 18426.7 
0.0598864 18386.5 
0.0601089 18346.1 
0.0603314 18305.4 
0.0605539 18264.3 
0.0607764 18223 
0.0609989 18181.4 
0.0612215 18139.5 
0.061444 18097.2 
0.0616665 18054.6 
0.061889 18011.6 
0.0621115 17968.2 
0.062334 17924.5 
0.0625565 17880.3 
0.062779 17835.8 
0.0630015 17790.9 
0.063224 17745.6 
0.0634465 17700 
0.063669 17653.9 
0.0638915 17607.5 
0.064114 17560.7 
0.0643365 17513.6 
0.064559 17466 
0.0647815 17418.1 
0.065004 17369.8 
0.0652265 17321.1 
0.065449 17272.1 
0.0656715 17222.7 
0.065894 17172.9 
0.0661165 17122.7 
0.066339 17072.2 
0.0665615 17021.3 
0.066784 16970 
0.0670065 16918.3 
0.067229 16866.3 
0.0674515 16813.9 
0.067674 16761.2 
0.0678965 16708 
0.068119 16654.5 
0.0683415 16600.7 
0.068564 16546.4 
0.0687865 16491.8 
0.069009 16436.9 
0.0692315 16381.5 
0.069454 16325.9 
0.0696765 16269.9 
0.069899 16213.6 
0.0701215 16157 
0.070344 16100.1 
0.0705665 16042.9 
0.070789 15985.5 
0.0710115 15927.8 
0.071234 15869.8 
0.0714565 15811.6 
0.0716791 15753.2 
0.0719016 15694.6 
0.0721241 15635.7 
0.0723466 15576.7 
0.0725691 15517.5 
0.0727916 15458.1 
0.0730141 15398.6 
0.0732366 15338.9 
0.0734591 15279.1 
0.0736816 15219.2 
0.0739041 15159.2 
0.0741266 15099 
0.0743491 15038.8 
0.0745716 14978.5 
0.0747941 14918.1 
0.0750166 14857.7 
0.0752391 14797.2 
0.0754616 14736.7 
0.0756841 14676.2 
0.0759066 14615.7 
0.0761291 14555.1 
0.0763516 14494.6 
0.0765741 14434.1 
0.0767966 14373.6 
0.0770191 14313.2 
0.0772416 14252.8 
0.0774641 14192.5 
0.0776866 14132.2 
0.0779091 14072.1 
0.0781316 14012.1 
0.0783541 13952.2 
0.0785766 13892.4 
0.0787991 13832.7 
0.0790216 13773.2 
0.0792441 13713.9 
0.0794666 13654.7 
0.0796891 13595.8 
0.0799116 13537 
0.0801341 13478.4 
0.0803566 13420.1 
0.0805791 13361.9 
0.0808016 13304.1 
0.0810241 13246.4 
0.0812466 13189.1 
0.0814691 13132 
0.0816916 13075.2 
0.0819142 13018.7 
0.0821367 12962.5 
0.0823592 12906.6 
0.0825817 12851.1 
0.0828042 12795.9 
0.0830267 12741 
0.0832492 12686.5 
0.0834717 12632.4 
0.0836942 12578.6 
0.0839167 12525.3 
0.0841392 12472.3 
0.0843617 12419.8 
0.0845842 12367.6 
0.0848067 12315.9 
0.0850292 12264.7 
0.0852517 12213.9 
0.0854742 12163.5 
0.0856967 12113.5 
0.0859192 12064 
0.0861417 12015 
0.0863642 11966.4 
0.0865867 11918.2 
0.0868092 11870.5 
0.0870317 11823.2 
0.0872542 11776.4 
0.0874767 11730.1 
0.0876992 11684.2 
0.0879217 11638.8 
0.0881442 11593.8 
0.0883667 11549.3 
0.0885892 11505.2 
0.0888117 11461.6 
0.0890342 11418.5 
0.0892567 11375.9 
0.0894792 11333.7 
0.0897017 11292 
0.0899242 11250.8 
0.0901467 11210 
0.0903692 11169.7 
0.0905917 11129.9 
0.0908142 11090.6 
0.0910367 11051.8 
0.0912592 11013.4 
0.0914817 10975.5 
0.0917042 10938.2 
0.0919267 10901.3 
0.0921493 10864.8 
0.0923718 10828.9 
0.0925943 10793.5 
0.0928168 10758.6 
0.0930393 10724.1 
0.0932618 10690.2 
0.0934843 10656.8 
0.0937068 10623.8 
0.0939293 10591.4 
0.0941518 10559.4 
0.0943743 10528 
0.0945968 10497 
0.0948193 10466.6 
0.0950418 10436.6 
0.0952643 10407 
0.0954868 10377.9 
0.0957093 10349.3 
0.0959318 10321.1 
0.0961543 10293.4 
0.0963768 10266.1 
0.0965993 10239.2 
0.0968218 10212.8 
0.0970443 10186.7 
0.0972668 10161 
0.0974893 10135.8 
0.0977118 10110.9 
0.0979343 10086.4 
0.0981568 10062.3 
0.0983793 10038.6 
0.0986018 10015.2 
0.0988243 9992.19 
0.0990468 9969.51 
0.0992693 9947.18 
0.0994918 9925.17 
0.0997143 9903.5 
0.0999368 9882.15 
0.100159 9861.1 
0.100382 9840.37 
0.100604 9819.93 
0.100827 9799.79 
0.101049 9779.93 
0.101272 9760.36 
0.101494 9741.05 
0.101717 9722.01 
0.101939 9703.22 
0.102162 9684.69 
0.102384 9666.4 
0.102607 9648.35 
0.102829 9630.53 
0.103052 9612.93 
0.103274 9595.55 
0.103497 9578.38 
0.103719 9561.41 
0.103942 9544.64 
0.104164 9528.05 
0.104387 9511.65 
0.104609 9495.42 
0.104832 9479.36 
0.105054 9463.46 
0.105277 9447.72 
0.105499 9432.13 
0.105722 9416.67 
0.105944 9401.36 
0.106167 9386.17 
0.106389 9371.1 
0.106612 9356.15 
0.106834 9341.3 
0.107057 9326.56 
0.107279 9311.91 
0.107502 9297.35 
0.107724 9282.87 
0.107947 9268.47 
0.108169 9254.13 
0.108392 9239.86 
0.108614 9225.64 
0.108837 9211.46 
0.109059 9197.33 
0.109282 9183.23 
0.109504 9169.15 
0.109727 9155.1 
0.109949 9141.06 
0.110172 9127.03 
0.110394 9112.99 
0.110617 9098.95 
0.110839 9084.89 
0.111062 9070.81 
0.111284 9056.71 
0.111507 9042.57 
0.111729 9028.38 
0.111952 9014.15 
0.112174 8999.86 
0.112397 8985.51 
0.112619 8971.09 
0.112842 8956.59 
0.113064 8942.01 
0.113287 8927.34 
0.113509 8912.57 
0.113732 8897.7 
0.113954 8882.72 
0.114177 8867.61 
0.114399 8852.38 
0.114622 8837.02 
0.114844 8821.52 
0.115067 8805.88 
0.115289 8790.08 
0.115512 8774.12 
0.115734 8758 
0.115957 8741.7 
0.116179 8725.23 
0.116402 8708.6 
0.116624 8691.8 
0.116847 8674.84 
0.117069 8657.71 
0.117292 8640.42 
0.117514 8622.97 
0.117737 8605.37 
0.11796 8587.6 
0.118182 8569.68 
0.118405 8551.61 
0.118627 8533.39 
0.11885 8515.01 
0.119072 8496.48 
0.119295 8477.81 
0.119517 8458.99 
0.11974 8440.03 
0.119962 8420.93 
0.120185 8401.68 
0.120407 8382.29 
0.12063 8362.77 
0.120852 8343.11 
0.121075 8323.31 
0.121297 8303.39 
0.12152 8283.33 
0.121742 8263.14 
0.121965 8242.82 
0.122187 8222.38 
0.12241 8201.81 
0.122632 8181.11 
0.122855 8160.3 
0.123077 8139.37 
0.1233 8118.31 
0.123522 8097.14 
0.123745 8075.86 
0.123967 8054.46 
0.12419 8032.95 
0.124412 8011.33 
0.124635 7989.61 
0.124857 7967.77 
0.12508 7945.83 
0.125302 7923.79 
0.125525 7901.64 
0.125747 7879.4 
0.12597 7857.05 
0.126192 7834.61 
0.126415 7812.08 
0.126637 7789.45 
0.12686 7766.73 
0.127082 7743.92 
0.127305 7721.02 
0.127527 7698.03 
0.12775 7674.96 
0.127972 7651.8 
0.128195 7628.56 
0.128417 7605.25 
0.12864 7581.85 
0.128862 7558.38 
0.129085 7534.85 
0.129307 7511.25 
0.12953 7487.6 
0.129752 7463.89 
0.129975 7440.13 
0.130197 7416.34 
0.13042 7392.5 
0.130642 7368.63 
0.130865 7344.73 
0.131087 7320.81 
0.13131 7296.87 
0.131532 7272.91 
0.131755 7248.95 
0.131977 7224.98 
0.1322 7201.01 
0.132422 7177.05 
0.132645 7153.1 
0.132867 7129.16 
0.13309 7105.24 
0.133312 7081.34 
0.133535 7057.48 
0.133757 7033.64 
0.13398 7009.85 
0.134202 6986.09 
0.134425 6962.39 
0.134647 6938.73 
0.13487 6915.13 
0.135092 6891.59 
0.135315 6868.12 
0.135537 6844.72 
0.13576 6821.39 
0.135982 6798.14 
0.136205 6774.97 
0.136427 6751.89 
0.13665 6728.9 
0.136872 6706.01 
0.137095 6683.21 
0.137317 6660.53 
0.13754 6637.95 
0.137762 6615.48 
0.137985 6593.14 
0.138207 6570.91 
0.13843 6548.81 
0.138652 6526.85 
0.138875 6505.01 
0.139097 6483.32 
0.13932 6461.77 
0.139542 6440.37 
0.139765 6419.11 
0.139987 6398.02 
0.14021 6377.08 
0.140432 6356.31 
0.140655 6335.7 
0.140877 6315.27 
0.1411 6295.01 
0.141322 6274.94 
0.141545 6255.05 
0.141767 6235.34 
0.14199 6215.83 
0.142212 6196.51 
0.142435 6177.4 
0.142657 6158.49 
0.14288 6139.78 
0.143102 6121.27 
0.143325 6102.96 
0.143547 6084.84 
0.14377 6066.93 
0.143992 6049.2 
0.144215 6031.67 
0.144437 6014.34 
0.14466 5997.19 
0.144882 5980.22 
0.145105 5963.45 
0.145327 5946.86 
0.14555 5930.45 
0.145772 5914.23 
0.145995 5898.18 
0.146217 5882.31 
0.14644 5866.62 
0.146662 5851.11 
0.146885 5835.77 
0.147107 5820.6 
0.14733 5805.6 
0.147552 5790.78 
0.147775 5776.12 
0.147997 5761.62 
0.14822 5747.3 
0.148442 5733.13 
0.148665 5719.13 
0.148887 5705.29 
0.14911 5691.61 
0.149332 5678.08 
0.149555 5664.71 
0.149777 5651.5 
0.15 5638.44 
0.150222 5625.53 
0.150445 5612.77 
0.150667 5600.16 
0.15089 5587.7 
0.151112 5575.39 
0.151335 5563.22 
0.151557 5551.19 
0.15178 5539.31 
0.152002 5527.56 
0.152225 5515.96 
0.152447 5504.49 
0.15267 5493.16 
0.152892 5481.96 
0.153115 5470.9 
0.153337 5459.97 
0.15356 5449.17 
0.153782 5438.5 
0.154005 5427.96 
0.154227 5417.55 
0.15445 5407.26 
0.154672 5397.09 
0.154895 5387.05 
0.155117 5377.13 
0.15534 5367.33 
0.155562 5357.64 
0.155785 5348.08 
0.156007 5338.63 
0.15623 5329.3 
0.156452 5320.07 
0.156675 5310.96 
0.156897 5301.97 
0.15712 5293.08 
0.157342 5284.3 
0.157565 5275.62 
0.157787 5267.05 
0.15801 5258.59 
0.158232 5250.22 
0.158455 5241.96 
0.158677 5233.8 
0.1589 5225.73 
0.159122 5217.75 
0.159345 5209.86 
0.159567 5202.06 
0.15979 5194.35 
0.160012 5186.72 
0.160235 5179.17 
0.160457 5171.69 
0.16068 5164.3 
0.160902 5156.97 
0.161125 5149.71 
0.161347 5142.52 
0.16157 5135.4 
0.161792 5128.33 
0.162015 5121.33 
0.162237 5114.38 
0.16246 5107.49 
0.162682 5100.65 
0.162905 5093.86 
0.163127 5087.11 
0.16335 5080.41 
0.163572 5073.76 
0.163795 5067.14 
0.164017 5060.55 
0.16424 5054.01 
0.164462 5047.49 
0.164685 5041 
0.164907 5034.54 
0.16513 5028.1 
0.165352 5021.69 
0.165575 5015.29 
0.165797 5008.91 
0.16602 5002.54 
0.166242 4996.18 
0.166465 4989.83 
0.166687 4983.49 
0.16691 4977.15 
0.167132 4970.82 
0.167355 4964.48 
0.167577 4958.14 
0.1678 4951.79 
0.168022 4945.43 
0.168245 4939.05 
0.168467 4932.67 
0.16869 4926.27 
0.168912 4919.84 
0.169135 4913.4 
0.169358 4906.93 
0.16958 4900.44 
0.169803 4893.91 
0.170025 4887.35 
0.170248 4880.76 
0.17047 4874.13 
0.170693 4867.46 
0.170915 4860.75 
0.171138 4853.99 
0.17136 4847.18 
0.171583 4840.33 
0.171805 4833.42 
0.172028 4826.46 
0.17225 4819.44 
0.172473 4812.36 
0.172695 4805.21 
0.172918 4798 
0.17314 4790.73 
0.173363 4783.38 
0.173585 4775.96 
0.173808 4768.46 
0.17403 4760.89 
0.174253 4753.24 
0.174475 4745.5 
0.174698 4737.68 
0.17492 4729.77 
0.175143 4721.77 
0.175365 4713.67 
0.175588 4705.48 
0.17581 4697.2 
0.176033 4688.83 
0.176255 4680.36 
0.176478 4671.81 
0.1767 4663.17 
0.176923 4654.44 
0.177145 4645.64 
0.177368 4636.75 
0.17759 4627.78 
0.177813 4618.73 
0.178035 4609.61 
0.178258 4600.42 
0.17848 4591.16 
0.178703 4581.82 
0.178925 4572.42 
0.179148 4562.96 
0.17937 4553.43 
0.179593 4543.83 
0.179815 4534.18 
0.180038 4524.47 
0.18026 4514.7 
0.180483 4504.88 
0.180705 4495.01 
0.180928 4485.09 
0.18115 4475.12 
0.181373 4465.1 
0.181595 4455.04 
0.181818 4444.93 
0.18204 4434.78 
0.182263 4424.6 
0.182485 4414.38 
0.182708 4404.12 
0.18293 4393.83 
0.183153 4383.5 
0.183375 4373.15 
0.183598 4362.77 
0.18382 4352.36 
0.184043 4341.93 
0.184265 4331.48 
0.184488 4321.01 
0.18471 4310.51 
0.184933 4300.01 
0.185155 4289.48 
0.185378 4278.95 
0.1856 4268.4 
0.185823 4257.84 
0.186045 4247.28 
0.186268 4236.71 
0.18649 4226.13 
0.186713 4215.55 
0.186935 4204.98 
0.187158 4194.4 
0.18738 4183.83 
0.187603 4173.26 
0.187825 4162.7 
0.188048 4152.15 
0.18827 4141.61 
0.188493 4131.08 
0.188715 4120.56 
0.188938 4110.06 
0.18916 4099.58 
0.189383 4089.12 
0.189605 4078.67 
0.189828 4068.25 
0.19005 4057.86 
0.190273 4047.49 
0.190495 4037.15 
0.190718 4026.83 
0.19094 4016.55 
0.191163 4006.3 
0.191385 3996.09 
0.191608 3985.91 
0.19183 3975.77 
0.192053 3965.67 
0.192275 3955.61 
0.192498 3945.6 
0.19272 3935.63 
0.192943 3925.7 
0.193165 3915.82 
0.193388 3906 
0.19361 3896.22 
0.193833 3886.5 
0.194055 3876.83 
0.194278 3867.21 
0.1945 3857.66 
0.194723 3848.16 
0.194945 3838.73 
0.195168 3829.35 
0.19539 3820.04 
0.195613 3810.78 
0.195835 3801.59 
0.196058 3792.45 
0.19628 3783.37 
0.196503 3774.35 
0.196725 3765.39 
0.196948 3756.49 
0.19717 3747.64 
0.197393 3738.85 
0.197615 3730.12 
0.197838 3721.45 
0.19806 3712.83 
0.198283 3704.26 
0.198505 3695.76 
0.198728 3687.31 
0.19895 3678.91 
0.199173 3670.57 
0.199395 3662.29 
0.199618 3654.06 
0.19984 3645.88 
0.200063 3637.76 
0.200285 3629.69 
0.200508 3621.68 
0.20073 3613.72 
0.200953 3605.81 
0.201175 3597.96 
0.201398 3590.16 
0.20162 3582.41 
0.201843 3574.71 
0.202065 3567.06 
0.202288 3559.47 
0.20251 3551.93 
0.202733 3544.43 
0.202955 3536.99 
0.203178 3529.6 
0.2034 3522.26 
0.203623 3514.97 
0.203845 3507.73 
0.204068 3500.54 
0.20429 3493.4 
0.204513 3486.3 
0.204735 3479.26 
0.204958 3472.26 
0.20518 3465.32 
0.205403 3458.42 
0.205625 3451.56 
0.205848 3444.76 
0.20607 3438 
0.206293 3431.29 
0.206515 3424.63 
0.206738 3418.01 
0.20696 3411.44 
0.207183 3404.92 
0.207405 3398.44 
0.207628 3392 
0.20785 3385.62 
0.208073 3379.27 
0.208295 3372.98 
0.208518 3366.72 
0.20874 3360.51 
0.208963 3354.35 
0.209185 3348.23 
0.209408 3342.15 
0.20963 3336.12 
0.209853 3330.12 
0.210075 3324.18 
0.210298 3318.27 
0.21052 3312.41 
0.210743 3306.59 
0.210965 3300.81 
0.211188 3295.07 
0.21141 3289.38 
0.211633 3283.72 
0.211855 3278.11 
0.212078 3272.54 
0.2123 3267 
0.212523 3261.51 
0.212745 3256.06 
0.212968 3250.65 
0.21319 3245.28 
0.213413 3239.95 
0.213635 3234.65 
0.213858 3229.4 
0.21408 3224.18 
0.214303 3219.01 
0.214525 3213.87 
0.214748 3208.77 
0.21497 3203.71 
0.215193 3198.68 
0.215415 3193.69 
0.215638 3188.74 
0.21586 3183.83 
0.216083 3178.95 
0.216305 3174.11 
0.216528 3169.31 
0.21675 3164.54 
0.216973 3159.8 
0.217195 3155.1 
0.217418 3150.44 
0.21764 3145.8 
0.217863 3141.2 
0.218085 3136.63 
0.218308 3132.09 
0.21853 3127.58 
0.218753 3123.1 
0.218975 3118.65 
0.219198 3114.22 
0.21942 3109.83 
0.219643 3105.46 
0.219865 3101.12 
0.220088 3096.8 
0.22031 3092.52 
0.220533 3088.25 
0.220755 3084.01 
0.220978 3079.79 
0.221201 3075.6 
0.221423 3071.43 
0.221646 3067.28 
0.221868 3063.15 
0.222091 3059.04 
0.222313 3054.96 
0.222536 3050.89 
0.222758 3046.84 
0.222981 3042.81 
0.223203 3038.79 
0.223426 3034.8 
0.223648 3030.82 
0.223871 3026.85 
0.224093 3022.91 
0.224316 3018.97 
0.224538 3015.05 
0.224761 3011.15 
0.224983 3007.25 
0.225206 3003.37 
0.225428 2999.5 
0.225651 2995.64 
0.225873 2991.8 
0.226096 2987.96 
0.226318 2984.13 
0.226541 2980.31 
0.226763 2976.5 
0.226986 2972.69 
0.227208 2968.9 
0.227431 2965.11 
0.227653 2961.32 
0.227876 2957.54 
0.228098 2953.77 
0.228321 2950 
0.228543 2946.23 
0.228766 2942.46 
0.228988 2938.7 
0.229211 2934.94 
0.229433 2931.18 
0.229656 2927.42 
0.229878 2923.66 
0.230101 2919.9 
0.230323 2916.14 
0.230546 2912.38 
0.230768 2908.61 
0.230991 2904.84 
0.231213 2901.07 
0.231436 2897.29 
0.231658 2893.51 
0.231881 2889.73 
0.232103 2885.93 
0.232326 2882.13 
0.232548 2878.33 
0.232771 2874.51 
0.232993 2870.69 
0.233216 2866.86 
0.233438 2863.02 
0.233661 2859.17 
0.233883 2855.31 
0.234106 2851.44 
0.234328 2847.56 
0.234551 2843.66 
0.234773 2839.75 
0.234996 2835.83 
0.235218 2831.89 
0.235441 2827.94 
0.235663 2823.97 
0.235886 2819.99 
0.236108 2815.99 
0.236331 2811.98 
0.236553 2807.95 
0.236776 2803.9 
0.236998 2799.83 
0.237221 2795.74 
0.237443 2791.63 
0.237666 2787.5 
0.237888 2783.35 
0.238111 2779.18 
0.238333 2774.99 
0.238556 2770.78 
0.238778 2766.54 
0.239001 2762.27 
0.239223 2757.99 
0.239446 2753.68 
0.239668 2749.34 
0.239891 2744.98 
0.240113 2740.59 
0.240336 2736.18 
0.240558 2731.74 
0.240781 2727.28 
0.241003 2722.8 
0.241226 2718.29 
0.241448 2713.76 
0.241671 2709.21 
0.241893 2704.64 
0.242116 2700.04 
0.242338 2695.43 
0.242561 2690.8 
0.242783 2686.15 
0.243006 2681.48 
0.243228 2676.79 
0.243451 2672.08 
0.243673 2667.36 
0.243896 2662.63 
0.244118 2657.87 
0.244341 2653.1 
0.244563 2648.32 
0.244786 2643.52 
0.245008 2638.71 
0.245231 2633.89 
0.245453 2629.05 
0.245676 2624.21 
0.245898 2619.35 
0.246121 2614.48 
0.246343 2609.6 
0.246566 2604.71 
0.246788 2599.81 
0.247011 2594.9 
0.247233 2589.99 
0.247456 2585.06 
0.247678 2580.13 
0.247901 2575.2 
0.248123 2570.26 
0.248346 2565.31 
0.248568 2560.36 
0.248791 2555.4 
0.249013 2550.44 
0.249236 2545.48 
0.249458 2540.51 
0.249681 2535.54 
0.249903 2530.57 
0.250126 2525.6 
0.250348 2520.63 
0.250571 2515.65 
0.250793 2510.68 
0.251016 2505.71 
0.251238 2500.74 
0.251461 2495.78 
0.251683 2490.81 
0.251906 2485.85 
0.252128 2480.89 
0.252351 2475.94 
0.252573 2470.99 
0.252796 2466.04 
0.253018 2461.1 
0.253241 2456.17 
0.253463 2451.24 
0.253686 2446.32 
0.253908 2441.41 
0.254131 2436.51 
0.254353 2431.61 
0.254576 2426.73 
0.254798 2421.85 
0.255021 2416.98 
0.255243 2412.13 
0.255466 2407.28 
0.255688 2402.45 
0.255911 2397.63 
0.256133 2392.82 
0.256356 2388.02 
0.256578 2383.24 
0.256801 2378.47 
0.257023 2373.72 
0.257246 2368.98 
0.257468 2364.26 
0.257691 2359.55 
0.257913 2354.86 
0.258136 2350.19 
0.258358 2345.53 
0.258581 2340.89 
0.258803 2336.27 
0.259026 2331.67 
0.259248 2327.09 
0.259471 2322.53 
0.259693 2317.98 
0.259916 2313.46 
0.260138 2308.96 
0.260361 2304.48 
0.260583 2300.03 
0.260806 2295.59 
0.261028 2291.18 
0.261251 2286.8 
0.261473 2282.43 
0.261696 2278.09 
0.261918 2273.78 
0.262141 2269.49 
0.262363 2265.23 
0.262586 2260.99 
0.262808 2256.78 
0.263031 2252.6 
0.263253 2248.45 
0.263476 2244.32 
0.263698 2240.22 
0.263921 2236.15 
0.264143 2232.11 
0.264366 2228.1 
0.264588 2224.12 
0.264811 2220.17 
0.265033 2216.26 
0.265256 2212.37 
0.265478 2208.52 
0.265701 2204.7 
0.265923 2200.91 
0.266146 2197.16 
0.266368 2193.44 
0.266591 2189.75 
0.266813 2186.1 
0.267036 2182.47 
0.267258 2178.88 
0.267481 2175.33 
0.267703 2171.8 
0.267926 2168.3 
0.268148 2164.84 
0.268371 2161.4 
0.268593 2158 
0.268816 2154.62 
0.269038 2151.28 
0.269261 2147.96 
0.269483 2144.67 
0.269706 2141.41 
0.269928 2138.18 
0.270151 2134.97 
0.270373 2131.79 
0.270596 2128.64 
0.270818 2125.51 
0.271041 2122.41 
0.271263 2119.34 
0.271486 2116.29 
0.271708 2113.27 
0.271931 2110.27 
0.272153 2107.29 
0.272376 2104.34 
0.272599 2101.41 
0.272821 2098.5 
0.273044 2095.62 
0.273266 2092.76 
0.273489 2089.92 
0.273711 2087.11 
0.273934 2084.31 
0.274156 2081.54 
0.274379 2078.79 
0.274601 2076.05 
0.274824 2073.34 
0.275046 2070.65 
0.275269 2067.98 
0.275491 2065.32 
0.275714 2062.68 
0.275936 2060.07 
0.276159 2057.47 
0.276381 2054.89 
0.276604 2052.32 
0.276826 2049.77 
0.277049 2047.24 
0.277271 2044.73 
0.277494 2042.23 
0.277716 2039.74 
0.277939 2037.27 
0.278161 2034.82 
0.278384 2032.38 
0.278606 2029.96 
0.278829 2027.55 
0.279051 2025.15 
0.279274 2022.77 
0.279496 2020.39 
0.279719 2018.04 
0.279941 2015.69 
0.280164 2013.36 
0.280386 2011.03 
0.280609 2008.72 
0.280831 2006.42 
0.281054 2004.13 
0.281276 2001.85 
0.281499 1999.58 
0.281721 1997.32 
0.281944 1995.07 
0.282166 1992.82 
0.282389 1990.59 
0.282611 1988.36 
0.282834 1986.15 
0.283056 1983.94 
0.283279 1981.73 
0.283501 1979.54 
0.283724 1977.35 
0.283946 1975.16 
0.284169 1972.98 
0.284391 1970.81 
0.284614 1968.65 
0.284836 1966.48 
0.285059 1964.33 
0.285281 1962.17 
0.285504 1960.02 
0.285726 1957.88 
0.285949 1955.74 
0.286171 1953.6 
0.286394 1951.46 
0.286616 1949.32 
0.286839 1947.19 
0.287061 1945.06 
0.287284 1942.93 
0.287506 1940.8 
0.287729 1938.67 
0.287951 1936.54 
0.288174 1934.42 
0.288396 1932.29 
0.288619 1930.16 
0.288841 1928.03 
0.289064 1925.9 
0.289286 1923.76 
0.289509 1921.63 
0.289731 1919.49 
0.289954 1917.35 
0.290176 1915.21 
0.290399 1913.06 
0.290621 1910.91 
0.290844 1908.76 
0.291066 1906.6 
0.291289 1904.44 
0.291511 1902.27 
0.291734 1900.1 
0.291956 1897.92 
0.292179 1895.73 
0.292401 1893.54 
0.292624 1891.35 
0.292846 1889.14 
0.293069 1886.93 
0.293291 1884.71 
0.293514 1882.49 
0.293736 1880.25 
0.293959 1878.01 
0.294181 1875.76 
0.294404 1873.5 
0.294626 1871.23 
0.294849 1868.95 
0.295071 1866.66 
0.295294 1864.36 
0.295516 1862.05 
0.295739 1859.73 
0.295961 1857.39 
0.296184 1855.05 
0.296406 1852.7 
0.296629 1850.34 
0.296851 1847.97 
0.297074 1845.59 
0.297296 1843.2 
0.297519 1840.8 
0.297741 1838.4 
0.297964 1835.98 
0.298186 1833.56 
0.298409 1831.13 
0.298631 1828.69 
0.298854 1826.24 
0.299076 1823.78 
0.299299 1821.32 
0.299521 1818.84 
0.299744 1816.36 
0.299966 1813.88 
0.300189 1811.38 
0.300411 1808.88 
0.300634 1806.38 
0.300856 1803.86 
0.301079 1801.34 
0.301301 1798.82 
0.301524 1796.28 
0.301746 1793.74 
0.301969 1791.2 
0.302191 1788.65 
0.302414 1786.1 
0.302636 1783.53 
0.302859 1780.97 
0.303081 1778.4 
0.303304 1775.82 
0.303526 1773.24 
0.303749 1770.66 
0.303971 1768.07 
0.304194 1765.47 
0.304416 1762.88 
0.304639 1760.28 
0.304861 1757.67 
0.305084 1755.06 
0.305306 1752.45 
0.305529 1749.84 
0.305751 1747.22 
0.305974 1744.6 
0.306196 1741.97 
0.306419 1739.35 
0.306641 1736.72 
0.306864 1734.09 
0.307086 1731.45 
0.307309 1728.82 
0.307531 1726.18 
0.307754 1723.54 
0.307976 1720.9 
0.308199 1718.26 
0.308421 1715.62 
0.308644 1712.98 
0.308866 1710.33 
0.309089 1707.69 
0.309311 1705.04 
0.309534 1702.4 
0.309756 1699.75 
0.309979 1697.1 
0.310201 1694.46 
0.310424 1691.81 
0.310646 1689.16 
0.310869 1686.52 
0.311091 1683.88 
0.311314 1681.23 
0.311536 1678.59 
0.311759 1675.95 
0.311981 1673.31 
0.312204 1670.67 
0.312426 1668.03 
0.312649 1665.4 
0.312871 1662.76 
0.313094 1660.13 
0.313316 1657.5 
0.313539 1654.87 
0.313761 1652.25 
0.313984 1649.63 
0.314206 1647.01 
0.314429 1644.39 
0.314651 1641.78 
0.314874 1639.17 
0.315096 1636.56 
0.315319 1633.96 
0.315541 1631.36 
0.315764 1628.77 
0.315986 1626.17 
0.316209 1623.59 
0.316431 1621 
0.316654 1618.42 
0.316876 1615.85 
0.317099 1613.28 
0.317321 1610.72 
0.317544 1608.16 
0.317766 1605.6 
0.317989 1603.05 
0.318211 1600.51 
0.318434 1597.97 
0.318656 1595.44 
0.318879 1592.91 
0.319101 1590.39 
0.319324 1587.88 
0.319546 1585.37 
0.319769 1582.87 
0.319991 1580.37 
0.320214 1577.88 
0.320436 1575.4 
0.320659 1572.93 
0.320881 1570.46 
0.321104 1568 
0.321326 1565.54 
0.321549 1563.1 
0.321771 1560.66 
0.321994 1558.23 
0.322216 1555.81 
0.322439 1553.4 
0.322661 1550.99 
0.322884 1548.59 
0.323106 1546.2 
0.323329 1543.82 
0.323551 1541.45 
0.323774 1539.09 
0.323997 1536.74 
0.324219 1534.39 
0.324442 1532.06 
0.324664 1529.73 
0.324887 1527.42 
0.325109 1525.11 
0.325332 1522.81 
0.325554 1520.53 
0.325777 1518.25 
0.325999 1515.99 
0.326222 1513.73 
0.326444 1511.49 
0.326667 1509.25 
0.326889 1507.03 
0.327112 1504.82 
0.327334 1502.61 
0.327557 1500.42 
0.327779 1498.25 
0.328002 1496.08 
0.328224 1493.92 
0.328447 1491.78 
0.328669 1489.64 
0.328892 1487.52 
0.329114 1485.41 
0.329337 1483.31 
0.329559 1481.22 
0.329782 1479.14 
0.330004 1477.07 
0.330227 1475.01 
0.330449 1472.96 
0.330672 1470.92 
0.330894 1468.9 
0.331117 1466.88 
0.331339 1464.87 
0.331562 1462.87 
0.331784 1460.89 
0.332007 1458.91 
0.332229 1456.94 
0.332452 1454.98 
0.332674 1453.03 
0.332897 1451.09 
0.333119 1449.17 
0.333342 1447.24 
0.333564 1445.33 
