0.1 -3.29411e-09 -3.11353e-118 3.24623e-249 0 0 
1.1009 -0.00187522 -1.87984e-113 1.95996e-244 0 0 
2.1018 -0.0253511 -9.29393e-109 9.69003e-240 0 0 
3.1027 -0.00732069 -5.3533e-104 5.58146e-235 0 0 
4.1036 0.0154129 -2.97044e-99 3.09704e-230 0 0 
5.1045 -0.00890011 -1.52564e-94 1.59066e-225 0 0 
6.10541 0.0169136 -7.2806e-90 7.5909e-221 0 0 
7.10631 -0.0044949 -3.25881e-85 3.3977e-216 0 0 
8.10721 0.0166357 -1.37766e-80 1.43638e-211 0 0 
9.10811 -0.00197509 -5.5197e-76 5.75495e-207 0 0 
10.109 0.0159594 -2.0972e-71 2.18658e-202 0 0 
11.1099 -0.000740748 -7.54911e-67 7.87085e-198 0 0 
12.1108 0.0151712 -2.57028e-62 2.67982e-193 0 0 
13.1117 -0.000190052 -8.25161e-58 8.6033e-189 0 0 
14.1126 0.01438 -2.48128e-53 2.58703e-184 0 0 
15.1135 8.16386e-06 -6.87165e-49 7.16452e-180 0 0 
16.1144 0.0136279 -1.66816e-44 1.73925e-175 0 0 
17.1153 2.51185e-05 -2.99551e-40 3.12318e-171 0 0 
18.1162 0.0129287 8.52446e-38 -8.88777e-169 0 0 
19.1171 -4.85471e-05 3.83227e-31 -3.9956e-162 0 0 
20.118 0.0122834 2.66368e-26 -2.77721e-157 0 0 
21.1189 -0.000163766 1.37502e-21 -1.43363e-152 0 0 
22.1198 0.0116884 6.22916e-17 -6.49465e-148 0 0 
23.1207 -0.000293058 2.60782e-12 -2.71897e-143 0 0 
24.1216 0.0111383 -2.95757e-09 -1.07557e-138 0 0 
25.1225 -0.000421883 -3.56639e-08 -4.06573e-134 0 0 
26.1234 0.0106276 -3.426e-07 -1.47772e-129 0 0 
27.1243 -0.00054227 -2.49599e-06 -5.17755e-125 0 0 
28.1252 0.0101511 -1.35674e-05 -1.74734e-120 0 0 
29.1261 -0.000649357 -5.2578e-05 -5.65513e-116 0 0 
30.127 0.00970295 -0.000128384 -1.74852e-111 0 0 
31.1279 -0.000740806 -9.54232e-05 -5.13586e-107 0 0 
32.1288 0.00928053 0.000612583 -1.41227e-102 0 0 
33.1297 -0.000818657 0.00270052 -3.51509e-98 0 0 
34.1306 0.00888185 0.0052021 -7.17792e-94 0 0 
35.1315 -0.000881355 0.00425527 -7.2574e-90 0 0 
36.1324 0.00850187 -0.0016349 3.48129e-85 0 0 
37.1333 -0.00092856 -0.00468875 3.16675e-80 0 0 
38.1342 0.00813865 0.00124924 1.71166e-75 0 0 
39.1351 -0.000962085 0.00440087 7.77269e-71 0 0 
40.136 0.00779256 -0.00272886 3.21958e-66 0 0 
41.1369 -0.000985459 -0.00262647 1.25668e-61 0 0 
42.1378 0.00746311 0.00445293 4.69476e-57 0 0 
43.1387 -0.00100002 -0.00117451 1.69211e-52 0 0 
44.1396 0.00714825 -0.00303496 5.90658e-48 0 0 
45.1405 -0.00100541 0.00428894 2.00055e-43 0 0 
46.1414 0.0068462 -0.0019603 6.57741e-39 0 0 
47.1423 -0.00100215 -0.00161762 2.09679e-34 0 0 
48.1432 0.00655619 0.00391174 6.45869e-30 0 0 
49.1441 -0.000991616 -0.00365383 1.90993e-25 0 0 
50.145 0.00627738 0.00143297 5.36932e-21 0 0 
51.1459 -0.000974743 0.00139157 1.41054e-16 0 0 
52.1468 0.00601016 -0.00333909 3.33332e-12 0 0 
53.1477 -0.000954037 0.00377708 1.56638e-10 0 0 
54.1486 0.00575515 -0.00266974 1.63258e-09 0 0 
55.1495 -0.000931017 0.000730632 1.38275e-08 0 0 
56.1505 0.00551214 0.00136349 1.00298e-07 0 0 
57.1514 -0.000906127 -0.00283771 6.2744e-07 0 0 
58.1523 0.00528043 0.00346261 3.39467e-06 0 0 
59.1532 -0.000879721 -0.00307308 1.58855e-05 0 0 
60.1541 0.00505933 0.00203024 6.41501e-05 0 0 
61.155 -0.000852028 -0.000533018 0.000222491 0 0 
62.1559 0.00484827 -0.000893687 0.000657511 0 0 
63.1568 -0.000823803 0.00212111 0.00163516 0 0 
64.1577 0.00464754 -0.00278991 0.00335473 0 0 
65.1586 -0.000796057 0.00302239 0.00548807 0 0 
66.1595 0.00445733 -0.0026663 0.00669311 0 0 
67.1604 -0.000769613 0.00203509 0.00506501 0 0 
68.1613 0.0042775 -0.00106762 0.000294704 0 0 
69.1622 -0.000744756 0.000134255 -0.00421693 0 0 
70.1631 0.00410769 0.000855224 -0.00360038 0 0 
71.164 -0.000721704 -0.00156508 0.00168172 0 0 
72.1649 0.00394762 0.00217058 0.00411958 0 0 
73.1658 -0.000700705 -0.00239609 -0.000267326 0 0 
74.1667 0.00379684 0.00250037 -0.0037823 3.63039e-320 0 
75.1676 -0.000681661 -0.00225008 0.000190807 1.1965e-315 0 
76.1685 0.00365493 0.00195748 0.00348141 4.13888e-311 0 
77.1694 -0.000664716 -0.00139992 -0.000883011 1.49238e-306 0 
78.1703 0.0035216 0.000911667 -0.00289677 5.53413e-302 0 
79.1712 -0.000649995 -0.000255883 0.00201754 2.07925e-297 0 
80.1721 0.0033966 -0.00023188 0.00166874 7.81284e-293 0 
81.173 -0.000637593 0.000815459 -0.00280902 2.90711e-288 0 
82.1739 0.00327955 -0.00116699 0.000330908 1.06356e-283 0 
83.1748 -0.000627322 0.00157935 0.00235111 3.80571e-279 0 
84.1757 0.00316994 -0.00173229 -0.00216689 1.32592e-274 0 
85.1766 -0.000619101 0.00194318 -0.000289648 4.47576e-270 0 
86.1775 0.00306733 -0.00189523 0.00226918 1.4541e-265 0 
87.1784 -0.000612738 0.00192387 -0.00192985 4.4997e-261 0 
88.1793 0.00297126 -0.00171111 -0.000108234 1.30143e-256 0 
89.1802 -0.000608083 0.00160425 0.00190403 3.38118e-252 0 
90.1811 0.00288124 -0.00128018 -0.00201654 7.06253e-248 0 
91.182 -0.000604741 0.00109329 0.000583066 6.13602e-244 0 
92.1829 0.00279666 -0.000712992 0.00117524 -4.84417e-239 0 
93.1838 -0.000602454 0.000497742 -0.00198418 -4.24662e-234 0 
94.1847 0.00271706 -0.000108712 0.00143748 -2.39236e-229 0 
95.1856 -0.000600982 -9.32721e-05 -2.27388e-05 -1.15081e-224 0 
96.1865 0.00264198 0.00045507 -0.00129954 -5.08492e-220 0 
97.1874 -0.000600099 -0.000614342 0.00180219 -2.12623e-215 0 
98.1883 0.00257092 0.000925215 -0.00128875 -8.5406e-211 0 
99.1892 -0.000599467 -0.00102418 0.000151493 -3.32295e-206 0 
100.19 0.00250335 0.00127153 0.000996656 -1.25848e-201 0 
101.191 -0.000598781 -0.00130263 -0.00159674 -4.65239e-197 0 
102.192 0.00243876 0.00148274 0.00145156 -1.68172e-192 0 
103.193 -0.000597658 -0.00144611 -0.000681669 -5.94968e-188 0 
104.194 0.00237678 0.00156182 -0.000316158 -2.06069e-183 0 
105.195 -0.000595847 -0.001463 0.00114435 -6.98606e-179 0 
106.195 0.00231689 0.00152168 -0.00148657 -2.31554e-174 0 
107.196 -0.000593174 -0.00136991 0.00128304 -7.48961e-170 0 
108.197 0.00225861 0.00138178 -0.000633296 -2.35553e-165 0 
109.198 -0.000589243 -0.00118836 -0.00018548 -7.16219e-161 0 
110.199 0.00220157 0.00116507 0.000917735 -2.0848e-156 0 
111.2 -0.000583697 -0.000942102 -0.00132229 -5.70564e-152 0 
112.201 0.0021454 0.0008956 0.00132927 -1.41478e-147 0 
113.202 -0.000576365 -0.000655039 -0.000944793 -2.87437e-143 0 
114.203 0.00208961 0.000596765 0.000330414 -2.8364e-139 0 
115.204 -0.000567082 -0.000349677 0.000358865 1.4608e-134 0 
116.205 0.00203407 0.000289898 -0.000915081 1.32489e-129 0 
117.205 -0.000555751 -4.59197e-05 0.00123881 7.26737e-125 0 
118.206 0.0019785 -6.72988e-06 -0.00124267 3.37386e-120 0 
119.207 -0.000542301 0.000239772 0.000978266 1.43538e-115 0 
120.208 0.00192282 -0.000278567 -0.000493844 5.78032e-111 0 
121.209 -0.000526676 0.000494826 -6.09303e-05 2.23931e-106 0 
122.21 0.00186683 -0.000515031 0.000598169 8.41921e-102 0 
123.211 -0.000508847 0.000710639 -0.000980164 3.08991e-97 0 
124.212 0.00181036 -0.000709423 0.00117767 1.11036e-92 0 
125.213 -0.000488734 0.000882347 -0.00113345 3.91399e-88 0 
126.214 0.00175342 -0.000858598 0.000907357 1.355e-83 0 
127.214 -0.000466528 0.00100841 -0.000516069 4.60749e-79 0 
128.215 0.00169594 -0.000962475 7.30986e-05 1.5387e-74 0 
129.216 -0.000442161 0.00109008 0.000383379 5.04266e-70 0 
130.217 0.00163792 -0.00102349 -0.000743218 1.61927e-65 0 
131.218 -0.000415827 0.00113082 0.00099772 5.08474e-61 0 
132.219 0.00157938 -0.00104598 -0.0010778 1.55566e-56 0 
133.22 -0.000387649 0.00113568 0.001025 4.61231e-52 0 
134.221 0.00152043 -0.00103552 -0.000815079 1.31349e-47 0 
135.222 -0.000357766 0.00111064 0.000529025 3.53432e-43 0 
136.223 0.00146117 -0.000998331 -0.0001663 8.69957e-39 0 
137.223 -0.000326271 0.00106203 -0.000179375 1.80354e-34 0 
138.224 0.00140155 -0.000940787 0.000512269 2.18776e-30 0 
139.225 -0.000293474 0.000996187 -0.000750258 -5.75465e-26 0 
140.226 0.00134186 -0.000869049 0.000919703 -6.2772e-21 0 
141.227 -0.000259506 0.000919006 -0.000961284 -3.5256e-16 0 
142.228 0.00128226 -0.00078868 0.000927351 -2.14513e-13 0 
143.229 -0.000224743 0.000835646 -0.000779078 -2.01649e-12 0 
144.23 0.00122298 -0.000704376 0.000587694 -1.31822e-11 0 
145.231 -0.000189422 0.000750317 -0.000324814 -7.57409e-11 0 
146.232 0.00116428 -0.000619828 6.90955e-05 -3.92283e-10 0 
147.232 -0.000153824 0.00066618 0.000208648 -1.85854e-09 0 
148.233 0.00110633 -0.000537672 -0.000432412 -8.12092e-09 0 
149.234 -0.000118282 0.000585357 0.000640181 -3.28768e-08 0 
150.235 0.00104936 -0.000459529 -0.000764266 -1.23622e-07 0 
151.236 -8.30148e-05 0.000509004 0.00085459 -4.32196e-07 0 
152.237 0.000993578 -0.000386142 -0.000852765 -1.40498e-06 0 
153.238 -4.82652e-05 0.000437517 0.000819698 -4.24357e-06 0 
154.239 0.000939165 -0.000317619 -0.000703996 -1.18898e-05 0 
155.24 -1.42781e-05 0.000370732 0.00057421 -3.08292e-05 0 
156.241 0.00088637 -0.000253523 -0.000382265 -7.37284e-05 0 
157.241 1.86872e-05 0.000307969 0.000200561 -0.000161891 0 
158.242 0.000835317 -0.000192976 1.91585e-05 -0.000324382 0 
159.243 5.04243e-05 0.000248196 -0.000203828 -0.000588096 0 
160.244 0.000786246 -0.000134828 0.000404511 -0.000953008 0 
161.245 8.06722e-05 0.000190186 -0.000549665 -0.00135477 0 
162.246 0.000739334 -7.78167e-05 0.000694739 -0.00163646 0 
163.247 0.000109319 0.00013268 -0.0007709 -0.00157403 0 
164.248 0.000694672 -2.0721e-05 0.000838646 -0.000997135 0 
165.249 0.000136205 7.45237e-05 -0.000832212 1.8633e-05 0 
166.25 0.000652409 3.75161e-05 0.000817071 0.0010318 0 
167.25 0.00016113 1.47893e-05 -0.00073024 0.00139639 0 
168.251 0.000612515 9.76686e-05 0.000641551 0.00075659 0 
169.252 0.000184065 -4.71334e-05 -0.000490081 -0.000466212 0 
170.253 0.000575087 0.000160186 0.000349012 -0.00120198 0 
171.254 0.000204985 -0.000111548 -0.000158384 -0.000684327 0 
172.255 0.000540136 0.00022524 -6.55111e-06 0.000580893 0 
173.256 0.00022382 -0.000178497 0.000206 0.00113336 0 
174.257 0.000507726 0.000292743 -0.000363936 0.000251721 0 
175.258 0.0002405 -0.000247756 0.000541989 -0.000929876 0 
176.259 0.000477847 0.000362336 -0.000664556 -0.000753013 0 
177.259 0.000254998 -0.00031884 0.000795707 0.000548197 0 
178.26 0.000450473 0.000433409 -0.000861226 0.000971813 0 
179.261 0.00026742 -0.000391016 0.000928331 -0.000186238 0 
180.262 0.000425544 0.000505114 -0.000924797 -0.000998315 0 
181.263 0.000277634 -0.000463334 0.000921268 -3.72997e-05 0 
182.264 0.000403023 0.000576412 -0.000847648 0.000981421 0 
183.265 0.000285981 -0.000534672 0.000777851 0.000151124 0 
184.266 0.000382654 0.000646107 -0.000643619 -0.000955531 0 
185.267 0.000292376 -0.000603777 0.000521576 -0.000147794 0 
186.268 0.000364469 0.000712903 -0.000344682 0.000958666 0 
187.268 0.000297044 -0.000669343 0.000191417 5.80265e-05 0 
188.269 0.000348119 0.000775551 4.91776e-06 -0.000957676 0 
189.27 0.000300236 -0.000730229 -0.000165026 0.000128066 0 
190.271 0.000333511 0.000833009 0.000356204 0.000928239 0 
191.272 0.00030198 -0.000785465 -0.000499278 -0.000381892 0 
192.273 0.000320433 0.000884373 0.000662912 -0.000802719 0 
193.274 0.000302528 -0.000834216 -0.000768826 0.000672489 0 
194.275 0.000308763 0.000928885 0.000887604 0.000538903 0 
195.276 0.000302 -0.000875796 -0.000942362 -0.000904761 0 
196.277 0.000298293 0.000965933 0.00100589 -0.000111397 0 
197.277 0.000300569 -0.000909674 -0.0010029 0.000964928 0 
198.278 0.000288831 0.00099507 0.00100837 -0.000406941 0 
199.279 0.000298463 -0.000935484 -0.000948563 -0.000731437 0 
200.28 0.000280218 0.00101601 0.000900361 0.00085173 0 
201.281 0.000295726 -0.000953023 -0.000791288 0.000193047 0 
202.282 0.000272345 0.00102864 0.000699687 -0.00097903 0 
203.283 0.000292758 -0.000962252 -0.000553906 0.000488629 0 
204.284 0.000264795 0.00103299 0.000433205 0.000627139 0 
205.285 0.000289521 -0.000963294 -0.000266268 -0.000956907 0 
206.286 0.000257565 0.00102927 0.000132692 0.000119182 0 
207.286 0.000286384 -0.000956445 3.89912e-05 0.000859797 0 
208.287 0.000250356 0.00101791 -0.000169388 -0.000829393 0 
209.288 0.000283595 -0.00094229 0.000330553 -0.000146794 0 
210.289 0.000242921 0.00099962 -0.00044374 0.000954687 0 
211.29 0.000281192 -0.000921622 0.000581869 -0.000712393 0 
212.291 0.000235114 0.000975246 -0.000667109 -0.000288772 0 
213.292 0.000279368 -0.000895313 0.000773369 0.000980669 0 
214.293 0.000226914 0.000945681 -0.00082386 -0.000660575 0 
215.294 0.000278268 -0.000864269 0.000893478 -0.000317425 0 
216.295 0.000218145 0.000911837 -0.000906461 0.000974402 0 
217.295 0.000277962 -0.000829402 0.000938575 -0.000686486 0 
218.296 0.000208704 0.000874622 -0.000914981 -0.000242177 0 
219.297 0.000278506 -0.000791608 0.000912108 0.000936159 0 
220.298 0.000198532 0.000834915 -0.000855877 -0.000775205 0 
221.299 0.000279934 -0.000751743 0.000823128 -6.62084e-05 0 
222.3 0.000187649 0.000793548 -0.000740356 0.000837528 0 
223.301 0.000282357 -0.000710611 0.000684557 -0.000885911 0 
224.302 0.000175938 0.000751291 -0.000582599 0.00020034 0 
225.303 0.0002857 -0.000668946 0.000511405 0.000635772 0 
226.304 0.000163452 0.000708846 -0.000398042 -0.000948983 0 
227.305 0.000290046 -0.000627414 0.000319159 0.000517655 -1.41204e-320 
228.305 0.000150169 0.000666843 -0.000201883 0.000300211 -4.63045e-316 
229.306 0.000295404 -0.000586609 0.000122431 -0.000874422 -1.49982e-311 
230.307 0.000136063 0.000625862 -7.90265e-06 0.000795917 -4.78938e-307 
231.308 0.000301777 -0.000547125 -6.60437e-05 -0.000147521 -1.50266e-302 
232.309 0.00012103 0.000586511 0.000172406 -0.000587398 -4.6377e-298 
233.31 0.000309232 -0.000509545 -0.000236176 0.000899856 -1.40008e-293 
234.311 0.000105138 0.000549318 0.000330452 -0.000596069 -4.11153e-289 
235.312 0.000317689 -0.000474332 -0.000380897 -9.26983e-05 -1.16717e-284 
236.313 8.84329e-05 0.000514676 0.000460668 0.00070336 -3.12218e-280 
237.314 0.00032714 -0.000441807 -0.000496076 -0.000849396 -7.66691e-276 
238.314 7.09003e-05 0.00048284 0.000560276 0.000463511 -1.58867e-271 
239.315 0.000337585 -0.000412159 -0.000580173 0.000194965 -1.92436e-267 
240.316 5.26616e-05 0.000453936 0.000628846 -0.000716808 4.94529e-263 
241.317 0.000348726 -0.000385453 -0.000633723 0.000803992 5.74678e-258 
242.318 3.39222e-05 0.000427973 0.000667725 -0.000425488 3.34948e-253 
243.319 0.000360593 -0.000361645 -0.000658744 -0.000180778 1.58111e-248 
244.32 1.46202e-05 0.000404859 0.00067946 0.00067008 6.79649e-244 
245.321 0.000373032 -0.000340596 -0.000658185 -0.00078065 2.7443e-239 
246.322 -4.99444e-06 0.000384415 0.000667281 0.000473708 1.07502e-234 
247.323 0.000385862 -0.000322092 -0.000635445 7.22767e-05 4.18062e-230 
248.323 -2.47125e-05 0.000366395 0.000634674 -0.000564283 1.57376e-225 
249.324 0.000399022 -0.00030586 -0.000594028 0.000759454 5.74726e-221 
250.325 -4.44672e-05 0.000350508 0.000585101 -0.000573682 2.06541e-216 
251.326 0.000412155 -0.000291592 -0.000537308 0.000116747 7.32312e-212 
252.327 -6.40294e-05 0.000336436 0.000521822 0.000383517 2.59806e-207 
253.328 0.000425325 -0.000278968 -0.000468415 -0.000689817 9.2167e-203 
254.329 -8.33268e-05 0.000323863 0.000447835 0.000672807 3.19419e-198 
255.33 0.00043823 -0.000267689 -0.000390228 -0.000352972 1.08523e-193 
256.331 -0.000102258 0.00031254 0.00036594 -0.000112672 3.67074e-189 
257.332 0.000450974 -0.000257564 -0.000305477 0.000517757 1.24044e-184 
258.332 -0.000120771 0.000302298 0.000278744 -0.000690558 4.19227e-180 
259.333 0.000463455 -0.000248414 -0.000216598 0.000571237 1.40746e-175 
260.334 -0.000138798 0.000292951 0.000188513 -0.000219438 4.63807e-171 
261.335 0.000475585 -0.000240039 -0.000125695 -0.000210828 1.50722e-166 
262.336 -0.000156411 0.000284264 9.71963e-05 0.000547933 4.91653e-162 
263.337 0.000487408 -0.000232201 -3.45831e-05 -0.000662333 1.60795e-157 
264.338 -0.000173455 0.000276025 6.49235e-06 0.000521546 5.21479e-153 
265.339 0.000498772 -0.000224667 5.51355e-05 -0.000186462 1.65484e-148 
266.34 -0.000189885 0.000267949 -8.20682e-05 -0.000209165 5.16428e-144 
267.341 0.000509693 -0.000217182 0.000141985 0.000521436 1.61495e-139 
268.341 -0.000205644 0.000259874 -0.000167048 -0.00063941 5.11126e-135 
269.342 0.000519953 -0.000209549 0.000224551 0.000530927 1.63598e-130 
270.343 -0.000220557 0.000251535 -0.000247042 -0.000239138 5.07223e-126 
271.344 0.000529508 -0.000201564 0.000301429 -0.000127809 1.48003e-121 
272.345 -0.000234606 0.000242762 -0.000320645 0.000446686 4.26608e-117 
273.346 0.0005383 -0.00019305 0.000371216 -0.000611199 1.21692e-112 
274.347 -0.000247673 0.000233415 -0.000386456 0.000575175 3.6514e-108 
275.348 0.000546229 -0.000183896 0.000432527 -0.000353848 1.18428e-103 
276.349 -0.000259629 0.000223381 -0.000443123 2.53129e-05 3.28604e-99 
277.35 0.000553107 -0.000174028 0.000484051 0.000307548 7.37575e-95 
278.35 -0.000270432 0.000212656 -0.000489395 -0.000539874 1.42614e-90 
279.351 0.000558954 -0.000163415 0.000524622 0.000606995 -3.05946e-89 
280.352 -0.000279993 0.000201198 -0.000524211 -0.000491017 -1.07821e-81 
281.353 0.000563654 -0.000152129 0.000553307 0.000234025 -3.77912e-77 
282.354 -0.000288279 0.000189136 -0.000546788 8.82066e-05 -2.5118e-72 
283.355 0.000567208 -0.000140266 0.00056952 -0.000379048 -1.56477e-67 
284.356 -0.000295323 0.000176616 -0.000556809 0.000560496 -6.81392e-63 
285.357 0.000569767 -0.000128028 0.000573242 -0.000582793 -3.23075e-58 
286.358 -0.000301309 0.000163835 -0.000554511 0.000447584 -1.45475e-53 
287.359 0.000571296 -0.000115628 0.000564918 -0.000193134 -5.22883e-49 
288.359 -0.000306263 0.000150976 -0.000540527 -0.000106613 -1.90779e-44 
289.36 0.000572112 -0.000103229 0.00054535 0.000375112 -7.93355e-40 
290.361 -0.000310387 0.000138223 -0.000515806 -0.00054146 -3.0155e-35 
291.362 0.000572217 -9.09573e-05 0.000515615 0.000569885 -1.11794e-30 
292.363 -0.000313658 0.000125666 -0.000481533 -0.000454645 -4.44159e-26 
293.364 0.000571689 -7.89438e-05 0.000476989 0.000231692 -1.69679e-21 
294.365 -0.00031638 0.000113428 -0.00043906 4.47924e-05 1.62015e-14 
295.366 0.000570554 -6.72729e-05 0.000430875 -0.000304134 5.54517e-14 
296.367 -0.000318482 0.000101585 -0.000389828 0.000489291 1.87024e-13 
297.368 0.00056891 -5.60355e-05 0.000378744 -0.000556668 6.30459e-13 
298.368 -0.000319893 9.02196e-05 -0.000335321 0.000498007 2.04446e-12 
299.369 0.000566917 -4.53095e-05 0.000322079 -0.00032725 6.36813e-12 
300.37 -0.000320728 7.93796e-05 -0.000277016 8.90884e-05 1.90052e-11 
301.371 0.00056463 -3.51404e-05 0.000262343 0.000165787 5.41571e-11 
302.372 -0.000320878 6.91283e-05 -0.00021635 -0.000378722 1.46632e-10 
303.373 0.000561698 -2.55698e-05 0.000200942 0.000509465 3.74489e-10 
304.374 -0.000320959 5.94986e-05 -0.000154692 -0.000529956 8.91724e-10 
305.375 0.000558115 -1.66599e-05 0.000139205 0.000443108 1.93916e-09 
306.376 -0.000320421 5.05626e-05 -9.33247e-05 -0.000266533 3.68764e-09 
307.377 0.000553998 -8.46647e-06 7.83637e-05 4.2084e-05 5.42748e-09 
308.377 -0.000319422 4.23687e-05 -3.34275e-05 0.000188001 2.73625e-09 
309.378 0.000549843 -1.03862e-06 1.95403e-05 -0.00037519 -2.0777e-08 
310.379 -0.000317625 3.50022e-05 2.39381e-05 0.000488769 -1.14727e-07 
311.38 0.000545307 5.54405e-06 -3.62665e-05 -0.000506155 -4.1132e-07 
312.381 -0.000315385 2.85095e-05 7.78373e-05 0.000431263 -1.22943e-06 
313.382 0.000540188 1.12018e-05 -8.81915e-05 -0.000277397 -3.27327e-06 
314.383 -0.000312724 2.29872e-05 0.000127482 7.91057e-05 -7.97215e-06 
315.384 0.000534685 1.58412e-05 -0.000135545 0.000130495 -1.79857e-05 
316.385 -0.000309715 1.85372e-05 0.000172307 -0.000310384 -3.78159e-05 
317.386 0.000528971 1.94223e-05 -0.000177904 0.000434623 -7.42819e-05 
318.386 -0.00030641 1.52058e-05 0.000212033 -0.000480397 -0.000136322 
319.387 0.000523154 2.19072e-05 -0.000215124 0.00044715 -0.000233277 
320.388 -0.000303311 1.29535e-05 0.00024664 -0.000339483 -0.000370739 
321.389 0.000517633 2.3305e-05 -0.000247297 0.000181791 -0.000543668 
322.39 -0.000300071 1.17435e-05 0.000276318 2.96606e-06 -0.000728184 
323.391 0.000512011 2.37192e-05 -0.0002747 -0.000180725 -0.000876241 
324.392 -0.000297137 1.14684e-05 0.000301419 0.000328573 -0.000919944 
325.393 0.000506729 2.32518e-05 -0.000297743 -0.000421099 -0.00079208 
326.394 -0.000294344 1.20827e-05 0.000322392 0.000450844 -0.000463165 
327.395 0.000501752 2.20425e-05 -0.0003169 -0.000411507 1.76439e-05 
328.395 -0.000291903 1.33901e-05 0.000339725 0.000315567 0.000504938 
329.396 0.000497105 2.02209e-05 -0.000332661 -0.000174336 0.000793259 
330.397 -0.000289767 1.52198e-05 0.000353898 1.35218e-05 0.000716059 
331.398 0.00049277 1.78464e-05 -0.000345484 0.000148399 0.000269084 
332.399 -0.000287952 1.73841e-05 0.000365337 -0.000284883 -0.000327253 
333.4 0.000488839 1.51782e-05 -0.000355759 0.000382826 -0.000710542 
334.401 -0.000286363 1.98085e-05 0.000374392 -0.000425847 -0.000604057 
335.402 0.000485157 1.24179e-05 -0.000363787 0.000414408 -5.37315e-05 
336.403 -0.000285019 2.24189e-05 0.000381313 -0.000346881 0.000536788 
337.404 0.000481712 9.63495e-06 -0.000369769 0.000237976 0.000680858 
338.405 -0.000283857 2.50415e-05 0.000386248 -9.78499e-05 0.000232414 
339.405 0.000478487 6.94928e-06 -0.000373805 -5.0542e-05 -0.000419757 
340.406 -0.000282791 2.73667e-05 0.000389254 0.000193364 -0.000654165 
341.407 0.000475311 4.32214e-06 -0.000375909 -0.000308507 -0.000222377 
342.408 -0.000281745 2.9443e-05 0.000390305 0.0003874 0.000438517 
343.409 0.000472067 1.90508e-06 -0.000376027 -0.000416542 0.000610344 
344.41 -0.000280628 3.13072e-05 0.000389322 0.000398356 8.82156e-05 
345.411 0.000468774 -7.60656e-08 -0.000374061 -0.000331091 -0.000525265 
346.412 -0.000279292 3.30361e-05 0.000386199 0.000228496 -0.000485167 
347.413 0.000465184 -1.74586e-06 -0.000369905 -9.81933e-05 0.00016548 
348.414 -0.000277666 3.44861e-05 0.000380855 -3.94105e-05 0.000589832 
349.414 0.00046129 -3.2386e-06 -0.000363551 0.000173659 0.000220741 
350.415 -0.000275739 3.55819e-05 0.000373375 -0.000284684 -0.000440477 
351.416 0.000457145 -4.6252e-06 -0.00035514 0.000365875 -0.000465019 
352.417 -0.000273673 3.65068e-05 0.000363917 -0.000404034 0.000183693 
353.418 0.000452939 -5.88702e-06 -0.000344829 0.000401159 0.000547071 
354.419 -0.000271367 3.73449e-05 0.000352636 -0.000353357 7.50506e-05 
355.42 0.000448579 -6.9745e-06 -0.000332772 0.000271775 -0.000500912 
356.421 -0.000269015 3.80361e-05 0.000339678 -0.0001604 -0.000269384 
357.422 0.000444192 -7.89733e-06 -0.0003191 3.64245e-05 0.000393806 
358.423 -0.000266658 3.86048e-05 0.000325161 9.26259e-05 0.000393975 
359.423 0.000439749 -8.59202e-06 -0.000303919 -0.000208563 -0.000267583 
360.424 -0.000264274 3.90347e-05 0.000309176 0.000305534 -0.000455559 
361.425 0.00043541 -9.0654e-06 -0.000287305 -0.000369198 0.000156928 
362.426 -0.000261945 3.92402e-05 0.000291786 0.000399424 0.00048006 
363.427 0.000431087 -9.34851e-06 -0.000269312 -0.000388628 -6.9601e-05 
364.428 -0.000259638 3.91089e-05 0.000273035 0.000343985 -0.000481157 
365.429 0.000426807 -9.4246e-06 -0.000249975 -0.000264859 1.34008e-05 
366.43 -0.000257332 3.86729e-05 0.000252955 0.000164606 0.000476236 
367.431 0.000422596 -9.19903e-06 -0.000229328 -4.72809e-05 1.6802e-05 
368.432 -0.000255033 3.78806e-05 0.000231581 -7.07214e-05 -0.00046893 
369.432 0.000418371 -8.59003e-06 -0.000207409 0.000184325 -1.96422e-05 
370.433 -0.000252724 3.67765e-05 0.00020896 -0.000277987 0.000465232 
371.434 0.000414108 -7.65416e-06 -0.000184279 0.000349336 3.35951e-07 
372.435 -0.000250387 3.53795e-05 0.000185168 -0.00038695 -0.000460578 
373.436 0.000409743 -6.28885e-06 -0.00016003 0.000393711 4.26279e-05 
374.437 -0.000247897 3.36088e-05 0.000160317 -0.000363949 0.000453157 
375.438 0.000405275 -4.59767e-06 -0.000134798 0.000306428 -0.000104608 
376.439 -0.00024514 3.16089e-05 0.000134569 -0.000220836 -0.000432993 
377.44 0.00040058 -2.59459e-06 -0.000108768 0.00012048 0.000184414 
378.441 -0.000242213 2.92484e-05 0.000108135 -8.27593e-06 0.000393368 
379.441 0.000395544 -4.03328e-07 -8.21807e-05 -0.000100641 -0.000272602 
380.442 -0.000238842 2.66897e-05 8.12856e-05 0.000203166 -0.000322989 
381.443 0.000390128 1.98119e-06 -5.53328e-05 -0.00028543 0.00035907 
382.444 -0.000234997 2.39618e-05 5.4342e-05 0.000347013 0.000217491 
383.445 0.000384171 4.37848e-06 -2.85713e-05 -0.000377757 -0.000424245 
384.446 -0.000230616 2.12361e-05 2.76757e-05 0.000381727 -7.53257e-05 
385.447 0.000377591 6.75803e-06 -2.28881e-06 -0.000353527 0.000448374 
386.448 -0.00022555 1.86235e-05 1.6977e-06 0.000301962 -9.06163e-05 
387.449 0.000370393 8.8998e-06 2.30945e-05 -0.000225849 -0.000409104 
388.45 -0.000219793 1.62936e-05 -2.31829e-05 0.000137426 0.000257204 
389.45 0.000362552 1.07477e-05 4.72028e-05 -3.78247e-05 0.000295937 
390.451 -0.000213473 1.43718e-05 -4.66356e-05 -5.95084e-05 -0.000386003 
391.452 0.000354236 1.21939e-05 6.97545e-05 0.000153476 -0.000113421 
392.453 -0.000206685 1.29539e-05 -6.84279e-05 -0.000231693 0.00043671 
393.454 0.000345394 1.3149e-05 9.05658e-05 0.000295115 -0.00010575 
394.455 -0.000199401 1.207e-05 -8.84234e-05 -0.000334048 -0.000376287 
395.456 0.000336194 1.35753e-05 0.000109546 0.00035264 0.000306068 
396.457 -0.000191758 1.16705e-05 -0.000106574 -0.000344524 0.000202744 
397.458 0.000326717 1.34634e-05 0.000126686 0.000317138 -0.00041711 
398.459 -0.000183893 1.17967e-05 -0.000122908 -0.000267079 4.48342e-05 
399.459 0.000317033 1.28343e-05 0.000142049 0.000204313 0.000384775 
400.46 -0.000175885 1.24037e-05 -0.000137516 -0.000127332 -0.000282215 
401.461 0.000307212 1.16929e-05 0.000155748 4.73565e-05 -0.000199907 
402.462 -0.0001677 1.34759e-05 -0.000150532 3.65827e-05 0.000408972 
403.463 0.00029737 1.01243e-05 0.000167931 -0.000113363 -7.53225e-05 
404.464 -0.000159487 1.49419e-05 -0.000162121 0.000184683 -0.000351912 
405.465 0.000287488 8.23913e-06 0.000178782 -0.000240617 0.000320228 
406.466 -0.000151338 1.67265e-05 -0.000172461 0.000284491 0.000119487 
407.467 0.000277775 6.0113e-06 0.000188466 -0.000308239 -0.000402912 
408.468 -0.000143174 1.87587e-05 -0.000181704 0.000317221 0.000181148 
409.468 0.000268076 3.61947e-06 0.000197163 -0.0003054 0.000261408 
410.469 -0.000135118 2.09694e-05 -0.000190057 0.000280112 -0.000380025 
411.47 0.00025854 1.07354e-06 0.000204995 -0.000237082 3.9654e-05 
412.471 -0.000127349 2.33549e-05 -0.000197607 0.00018518 0.000344286 
413.472 0.000249298 -1.53536e-06 0.000212076 -0.000121326 -0.000317874 
414.473 -0.000119699 2.57359e-05 -0.000204494 5.52573e-05 -7.84614e-05 
415.474 0.000240259 -4.16503e-06 0.00021855 1.56424e-05 0.000380001 
416.475 -0.000112213 2.80824e-05 -0.000210713 -8.15227e-05 -0.000244584 
417.476 0.000231318 -6.67977e-06 0.000224407 0.000145268 -0.000164764 
418.477 -0.000104849 3.04417e-05 -0.000216322 -0.000197609 0.000385629 
419.477 0.000222646 -9.14992e-06 0.000229681 0.00024232 -0.000178229 
420.478 -9.76058e-05 3.26453e-05 -0.000221349 -0.000271235 -0.000220711 
421.479 0.000214 -1.15226e-05 0.000234279 0.000289426 0.000376497 
422.48 -9.05845e-05 3.47524e-05 -0.000225748 -0.000290113 -0.000128258 
423.481 0.000205595 -1.38114e-05 0.000238167 0.000279815 -0.000251597 
424.482 -8.36085e-05 3.67446e-05 -0.000229382 -0.00025314 0.000363492 
425.483 0.000197228 -1.59881e-05 0.000241306 0.000217922 -9.83429e-05 
426.484 -7.65721e-05 3.86197e-05 -0.000232195 -0.000169902 -0.000262703 
427.485 0.000188826 -1.80624e-05 0.000243612 0.000117856 0.000352698 
428.486 -6.94718e-05 4.04468e-05 -0.000234066 -5.81897e-05 -8.89448e-05 
429.486 0.000180308 -2.01127e-05 0.000244999 8.94902e-08 -0.000257467 
430.487 -6.22021e-05 4.23367e-05 -0.000235066 5.99884e-05 0.000346153 
431.488 0.000171684 -2.23579e-05 0.000245538 -0.000113056 -9.89865e-05 
432.489 -5.47536e-05 4.44471e-05 -0.000235292 0.000163165 -0.000237267 
433.49 0.000162986 -2.47426e-05 0.000245316 -0.000201982 0.000342793 
434.491 -4.73229e-05 4.66265e-05 -0.000234867 0.000234441 -0.000126279 
435.492 0.000154198 -2.72298e-05 0.000244522 -0.00025312 -0.000201633 
436.493 -3.96566e-05 4.90713e-05 -0.000233953 0.000263987 0.000338561 
437.494 0.000145414 -2.99679e-05 0.000243302 -0.000260577 -0.000167151 
438.495 -3.19719e-05 5.17725e-05 -0.000232654 0.000249834 -0.000149085 
439.495 0.000136406 -3.29362e-05 0.000241811 -0.000226129 0.0003269 
440.496 -2.43168e-05 5.46711e-05 -0.000231164 0.000197151 -0.000215705 
441.497 0.000127654 -3.61587e-05 0.000240223 -0.000157894 -7.86669e-05 
442.498 -1.66355e-05 5.77638e-05 -0.000229607 0.000116472 0.000299588 
443.499 0.000118912 -3.94169e-05 0.000238648 -6.82417e-05 -0.000262973 
444.5 -8.95258e-06 6.10148e-05 -0.000228087 2.14201e-05 8.02015e-06 
445.501 0.000110287 -4.29238e-05 0.000237154 2.8539e-05 0.00024836 
446.502 -1.50655e-06 6.43663e-05 -0.000226738 -7.35858e-05 -0.000296651 
447.503 0.000101795 -4.64675e-05 0.000235826 0.000118406 0.000104534 
448.504 5.84216e-06 6.78134e-05 -0.000225582 -0.000155306 0.00016767 
449.505 9.35048e-05 -5.00583e-05 0.000234667 0.000189313 -0.00030214 
450.505 1.28928e-05 7.11328e-05 -0.000224625 -0.000213192 0.000197779 
451.506 8.55389e-05 -5.34159e-05 0.000233713 0.000232466 5.84193e-05 
452.507 1.97526e-05 7.43453e-05 -0.000223841 -0.000240393 -0.000265656 
453.508 7.79117e-05 -5.67294e-05 0.000232916 0.000243078 0.000267981 
454.509 2.63011e-05 7.73144e-05 -0.000223157 -0.000234264 -6.82503e-05 
455.51 7.05438e-05 -5.98953e-05 0.000232201 0.000220659 -0.000179704 
456.511 3.2393e-05 8.02176e-05 -0.000222484 -0.000196447 0.000291977 
457.512 6.36353e-05 -6.27902e-05 0.000231471 0.000168881 -0.000188993 
458.513 3.81669e-05 8.2635e-05 -0.000221747 -0.000132519 -4.99198e-05 
459.514 5.71238e-05 -6.52206e-05 0.000230598 9.50354e-05 0.000250712 
460.514 4.35795e-05 8.48843e-05 -0.000220766 -5.1259e-05 -0.000270809 
461.515 5.10575e-05 -6.74923e-05 0.000229462 9.11765e-06 9.95934e-05 
462.516 4.85459e-05 8.6713e-05 -0.000219466 3.64355e-05 0.000140033 
463.517 4.54152e-05 -6.92739e-05 0.000227872 -7.74192e-05 -0.000280383 
464.518 5.31224e-05 8.81404e-05 -0.000217727 0.000118932 0.000226924 
465.519 4.01943e-05 -7.06157e-05 0.000225772 -0.000153142 -1.90893e-05 
466.52 5.72658e-05 8.91631e-05 -0.000215383 0.000185387 -0.000199794 
467.521 3.5365e-05 -7.15256e-05 0.000222964 -0.00020817 0.000283215 
468.522 6.10818e-05 8.97205e-05 -0.000212287 0.000227232 -0.000177865 
469.523 3.09013e-05 -7.19516e-05 0.000219419 -0.000235549 -4.32935e-05 
470.523 6.45329e-05 8.99307e-05 -0.00020842 0.000239379 0.000234197 
471.524 2.68463e-05 -7.21822e-05 0.000215087 -0.000232236 -0.000271772 
472.525 6.76432e-05 8.97978e-05 -0.000203689 0.000220936 0.000135298 
473.526 2.29259e-05 -7.19494e-05 0.000209856 -0.000199514 8.52803e-05 
474.527 7.06657e-05 8.93521e-05 -0.000198075 0.000175291 -0.000249198 
475.528 1.92981e-05 -7.15546e-05 0.000203824 -0.000142737 0.000256047 
476.529 7.34484e-05 8.86746e-05 -0.00019171 0.000109545 -0.000105226 
477.53 1.57053e-05 -7.08928e-05 0.000197138 -7.04199e-05 -0.000106879 
478.531 7.62773e-05 8.80349e-05 -0.000184777 3.31994e-05 0.000250842 
479.532 1.21582e-05 -7.03383e-05 0.000189952 7.39586e-06 -0.000242325 
480.532 7.91996e-05 8.73858e-05 -0.000177468 -4.35925e-05 9.11483e-05 
481.533 8.46984e-06 -6.99206e-05 0.000182501 8.08356e-05 0.000110199 
482.534 8.21213e-05 8.69046e-05 -0.000170053 -0.000111584 -0.000243337 
483.535 4.64548e-06 -6.9742e-05 0.000175026 0.000141579 0.000234521 
484.536 8.52982e-05 8.66869e-05 -0.000162684 -0.000163612 -9.31128e-05 
485.537 7.13621e-07 -6.98127e-05 0.000167634 0.000183788 -9.69599e-05 
486.538 8.86212e-05 8.68383e-05 -0.000155502 -0.000195258 0.000228991 
487.539 -3.47399e-06 -7.01661e-05 0.000160598 0.000204495 -0.000232265 
488.54 9.21491e-05 8.72415e-05 -0.00014878 -0.000204977 0.000109692 
489.541 -7.79581e-06 -7.08756e-05 0.000154018 0.000203499 6.89656e-05 
490.541 9.59822e-05 8.80869e-05 -0.000142382 -0.000193794 -0.00020666 
491.542 -1.23358e-05 -7.20955e-05 0.000147872 0.000182899 0.000232731 
492.543 9.99031e-05 8.92523e-05 -0.000136622 -0.000164711 -0.000137041 
493.544 -1.71568e-05 -7.35524e-05 0.000142409 0.000146419 -2.69284e-05 
494.545 0.000104178 9.08376e-05 -0.000131444 -0.000122004 0.000173832 
495.546 -2.19763e-05 -7.53934e-05 0.00013747 9.87153e-05 -0.000229849 
496.547 0.00010836 9.27141e-05 -0.000126851 -7.05488e-05 0.000170046 
497.548 -2.70113e-05 -7.74867e-05 0.000133217 4.47497e-05 -2.70212e-05 
498.549 0.000112916 9.48012e-05 -0.000122871 -1.52788e-05 -0.000126623 
499.55 -3.22022e-05 -7.99575e-05 0.000129389 -1.06671e-05 0.0002164 
500.55 0.0001174 9.72182e-05 -0.000119352 3.91931e-05 -0.000200425 
501.551 -3.73396e-05 -8.25267e-05 0.000126096 -6.31727e-05 8.90992e-05 
502.552 0.000121873 9.97425e-05 -0.000116328 8.87935e-05 6.3212e-05 
503.553 -4.24665e-05 -8.51713e-05 0.000123095 -0.000109007 -0.000184007 
504.554 0.000126388 0.000102342 -0.000113567 0.000130092 0.000218041 
505.555 -4.7463e-05 -8.79712e-05 0.000120461 -0.000145082 -0.000150791 
506.556 0.000130754 0.000105077 -0.000111051 0.000160356 1.49821e-05 
507.557 -5.24367e-05 -9.071e-05 0.000117954 -0.000169036 0.000126986 
508.558 0.000134943 0.000107624 -0.000108653 0.000177609 -0.000210655 
509.559 -5.71406e-05 -9.33092e-05 0.000115482 -0.000179296 0.000199528 
510.559 0.000139032 0.000110092 -0.000106256 0.000180703 -9.9292e-05 
511.56 -6.16283e-05 -9.58623e-05 0.000112993 -0.000175168 -4.44996e-05 
512.561 0.000142612 0.000112404 -0.000103645 0.000169429 0.000168575 
513.562 -6.58187e-05 -9.80509e-05 0.00011024 -0.000156949 -0.000218636 
514.563 0.000146061 0.000114381 -0.000100847 0.000144606 0.000173895 
515.564 -6.96276e-05 -9.99486e-05 0.000107232 -0.000125998 -5.41102e-05 
516.565 0.000148962 0.000116068 -9.7677e-05 0.000108134 -8.85004e-05 
517.566 -7.2961e-05 -0.000101523 0.000103922 -8.47391e-05 0.000193401 
518.567 0.000151413 0.000117399 -9.41105e-05 6.29384e-05 -0.000216258 
519.568 -7.5883e-05 -0.00010272 0.000100127 -3.65574e-05 0.000148572 
520.568 0.000153527 0.000118246 -9.01229e-05 1.28001e-05 -1.91044e-05 
521.569 -7.82816e-05 -0.000103559 9.59139e-05 1.44497e-05 -0.000117495 
522.57 0.000155193 0.000118734 -8.57664e-05 -3.79579e-05 0.000205369 
523.571 -8.03935e-05 -0.000103889 9.12555e-05 6.38379e-05 -0.000208884 
524.572 0.000156237 0.000118732 -8.09863e-05 -8.48857e-05 0.00012823 
525.573 -8.16888e-05 -0.00010378 8.62325e-05 0.000107273 3.20643e-06 
526.574 0.000156693 0.000118304 -7.58925e-05 -0.000123888 -0.000131713 
527.575 -8.25306e-05 -0.000103201 8.09791e-05 0.000141028 0.000206862 
528.576 0.000156789 0.000117417 -7.06294e-05 -0.000151743 -0.000199993 
529.577 -8.29112e-05 -0.000102316 7.56183e-05 0.000162504 0.000116062 
530.577 0.000156524 0.000116336 -6.53094e-05 -0.00016655 1.1015e-05 
531.578 -8.3113e-05 -0.000101271 7.02503e-05 0.000170528 -0.00013124 
532.579 0.000155942 0.000115113 -6.00633e-05 -0.000167856 0.000199823 
533.58 -8.31338e-05 -0.000100155 6.5046e-05 0.000165339 -0.00019229 
534.581 0.000155159 0.000113912 -5.51201e-05 -0.000156545 0.000114282 
535.582 -8.28919e-05 -9.90084e-05 6.02731e-05 0.000148396 3.67193e-06 
536.583 0.000154331 0.000112538 -5.05872e-05 -0.000134569 -0.000117107 
537.584 -8.27108e-05 -9.78665e-05 5.58857e-05 0.000122052 0.0001858 
538.585 0.00015345 0.000111467 -4.65244e-05 -0.000104578 -0.000186791 
539.586 -8.25048e-05 -9.70179e-05 5.20759e-05 8.9155e-05 0.000122533 
540.586 0.000152553 0.000110586 -4.295e-05 -6.9528e-05 -1.75396e-05 
541.587 -8.24254e-05 -9.6387e-05 4.8807e-05 5.26761e-05 -9.01862e-05 
542.588 0.00015202 0.00011003 -3.99378e-05 -3.2322e-05 0.000164478 
543.589 -8.23173e-05 -9.59597e-05 4.60498e-05 1.53853e-05 -0.000181149 
544.59 0.000151476 0.000109649 -3.75151e-05 4.4589e-06 0.000137573 
545.591 -8.25086e-05 -9.59066e-05 4.38613e-05 -2.03675e-05 -4.98685e-05 
546.592 0.000151177 0.000109509 -3.55872e-05 3.87227e-05 -5.13418e-05 
547.593 -8.30247e-05 -9.61069e-05 4.21223e-05 -5.2762e-05 0.000133348 
548.594 0.00015113 0.000109916 -3.41991e-05 6.8922e-05 -0.000170678 
549.595 -8.34314e-05 -9.67482e-05 4.08569e-05 -8.05136e-05 0.000153405 
550.595 0.000151109 0.000110536 -3.32232e-05 9.40169e-05 -8.86028e-05 
551.596 -8.42598e-05 -9.75746e-05 4.00552e-05 -0.000102803 -1.78469e-06 
552.597 0.000151558 0.000111435 -3.26822e-05 0.00011338 8.99592e-05 
553.598 -8.54425e-05 -9.88238e-05 3.9498e-05 -0.000119163 -0.000148739 
554.599 0.000152017 0.00011274 -3.22492e-05 0.000126673 0.000162042 
555.6 -8.66971e-05 -0.000100215 3.90887e-05 -0.000129358 -0.000126589 
556.601 0.000152894 0.000114179 -3.19232e-05 0.000133739 5.43708e-05 
557.602 -8.81324e-05 -0.000101938 3.87703e-05 -0.000133288 3.29985e-05 
558.603 0.000153648 0.000115808 -3.16853e-05 0.000134524 -0.000109686 
559.604 -8.95625e-05 -0.000103773 3.84122e-05 -0.000130941 0.00015409 
560.605 0.000154844 0.000117488 -3.13903e-05 0.000129055 -0.00015357 
561.605 -9.13685e-05 -0.000105675 3.80144e-05 -0.000122389 0.000109353 
562.606 0.000156096 0.000119531 -3.0861e-05 0.000117462 -3.38437e-05 
563.607 -9.30745e-05 -0.000107771 3.73289e-05 -0.000107836 -5.0857e-05 
564.608 0.000157246 0.000121384 -3.00652e-05 0.000100041 0.00012142 
565.609 -9.48265e-05 -0.000109633 3.62491e-05 -8.76887e-05 -0.000157753 
566.61 0.000158222 0.000123208 -2.88558e-05 7.7332e-05 0.000150241 
567.611 -9.67313e-05 -0.000111488 3.49635e-05 -6.26391e-05 -0.000100686 
568.612 0.000159653 0.000124895 -2.74062e-05 5.01903e-05 2.32443e-05 
569.613 -9.82856e-05 -0.000113233 3.3173e-05 -3.37164e-05 6.11484e-05 
570.614 0.000160603 0.000126423 -2.53778e-05 1.98251e-05 -0.000128859 
571.614 -9.96228e-05 -0.000114566 3.08444e-05 -2.30682e-06 0.000161842 
572.615 0.000161309 0.00012751 -2.2888e-05 -1.221e-05 -0.000150571 
573.616 -0.000100967 -0.000115925 2.81472e-05 2.98854e-05 9.86616e-05 
574.617 0.000161763 0.000128368 -2.00564e-05 -4.40844e-05 -1.96899e-05 
575.618 -0.000101921 -0.000116698 2.50713e-05 6.09342e-05 -6.45598e-05 
576.619 0.000161928 0.000128917 -1.67774e-05 -7.38137e-05 0.000131852 
577.62 -0.000102144 -0.00011687 2.14524e-05 8.88396e-05 -0.00016387 
578.621 0.000161759 0.000128772 -1.30025e-05 -9.94283e-05 0.000152706 
579.622 -0.000102447 -0.000116714 1.75108e-05 0.000111711 -0.000101085 
580.623 0.000161091 0.00012837 -9.03247e-06 -0.000119165 2.35262e-05 
581.623 -0.000102058 -0.000116258 1.34069e-05 0.000127961 5.99819e-05 
582.624 0.000159731 0.000127374 -4.95532e-06 -0.000131659 -0.000127076 
583.625 -0.000101129 -0.000114696 9.15271e-06 0.000136487 0.000161068 
584.626 0.00015794 0.000125743 -6.56255e-07 -0.000136108 -0.000153373 
585.627 -9.91888e-05 -0.000112923 4.92011e-06 0.00013683 0.000107213 
586.628 0.000155597 0.000123476 3.32495e-06 -0.000132434 -3.4651e-05 
587.629 -9.72688e-05 -0.00011074 8.56988e-07 0.000129301 -4.48281e-05 
588.63 0.000152779 0.000120717 7.19837e-06 -0.000121307 0.000111808 
589.631 -9.44446e-05 -0.000107951 -2.82675e-06 0.000114884 -0.000149601 
590.632 0.000149538 0.000117865 1.08425e-05 -0.000103983 0.000150356 
591.632 -9.14682e-05 -0.000104902 -6.11111e-06 9.50642e-05 -0.000114794 
592.633 0.000145746 0.000114669 1.37966e-05 -8.21246e-05 5.32309e-05 
593.634 -8.81357e-05 -0.000101604 -8.99229e-06 7.16258e-05 1.91441e-05 
594.635 0.000141654 0.000111111 1.61971e-05 -5.75855e-05 -8.43515e-05 
595.636 -8.43554e-05 -9.82726e-05 -1.1066e-05 4.64399e-05 0.000128057 
596.637 0.00013723 0.000107695 1.80242e-05 -3.2203e-05 -0.000140737 
597.638 -8.07507e-05 -9.48186e-05 -1.26867e-05 2.12645e-05 0.000121427 
598.639 0.000132424 0.000104394 1.93646e-05 -7.61616e-06 -7.56325e-05 
599.64 -7.69456e-05 -9.15078e-05 -1.36289e-05 -2.41488e-06 1.53678e-05 
600.641 0.000127558 0.000100927 1.9923e-05 1.48701e-05 4.59564e-05 
601.641 -7.15168e-05 -8.84195e-05 -1.39016e-05 -2.34926e-05 -9.44593e-05 
602.642 0.000123983 9.77501e-05 1.97708e-05 3.43612e-05 0.000121086 
603.643 -6.76107e-05 -8.53872e-05 -1.35828e-05 -4.12895e-05 -0.000120948 
604.644 0.000119604 9.46537e-05 1.9202e-05 5.03904e-05 9.61548e-05 
605.645 -6.3406e-05 -8.26273e-05 -1.2736e-05 -5.55409e-05 -5.26664e-05 
606.646 0.000114373 9.22799e-05 1.81543e-05 6.28793e-05 8.59696e-07 
607.647 -6.05275e-05 -8.01906e-05 -1.13579e-05 -6.63343e-05 4.91031e-05 
608.648 0.000109996 8.96141e-05 1.65981e-05 7.20566e-05 -8.70522e-05 
609.649 -5.70383e-05 -7.79859e-05 -9.69423e-06 -7.40121e-05 0.000106932 
610.65 0.000106372 8.80071e-05 1.45453e-05 7.83498e-05 -0.000105477 
611.65 -5.21917e-05 -7.64647e-05 -7.74442e-06 -7.90571e-05 8.46268e-05 
612.651 0.000103202 8.65746e-05 1.23821e-05 8.22676e-05 -4.86006e-05 
613.652 -4.86501e-05 -7.5444e-05 -5.43883e-06 -8.19766e-05 5.16876e-06 
614.653 9.9148e-05 8.49387e-05 1.01274e-05 8.4291e-05 3.82153e-05 
615.654 -4.72243e-05 -7.45941e-05 -3.12853e-06 -8.32034e-05 -7.33744e-05 
616.655 9.50861e-05 8.44856e-05 7.72739e-06 8.47866e-05 9.50753e-05 
617.656 -4.45849e-05 -7.37521e-05 -9.28832e-07 -8.30252e-05 -9.94092e-05 
618.657 9.27745e-05 8.48528e-05 5.43376e-06 8.39542e-05 8.66216e-05 
619.658 -4.08878e-05 -7.32186e-05 1.11989e-06 -8.15489e-05 -5.85991e-05 
620.659 9.11603e-05 8.45687e-05 3.34993e-06 8.18088e-05 2.08359e-05 
621.659 -3.89305e-05 -7.46916e-05 3.0444e-06 -7.87036e-05 2.0797e-05 
622.66 8.81648e-05 8.44145e-05 1.72489e-06 7.82025e-05 -5.87287e-05 
623.661 -3.88892e-05 -7.54995e-05 4.81057e-06 -7.42771e-05 8.709e-05 
624.662 8.57085e-05 8.48328e-05 2.1671e-07 7.28748e-05 -0.000100453 
625.663 -3.7299e-05 -7.58208e-05 6.05681e-06 -6.79789e-05 9.6903e-05 
626.664 8.53813e-05 8.73026e-05 -8.05196e-07 6.55252e-05 -7.62455e-05 
627.665 -3.51635e-05 -7.64152e-05 6.63825e-06 -5.95194e-05 4.22499e-05 
628.666 8.48227e-05 8.87026e-05 -1.40953e-06 5.58961e-05 4.96425e-08 
629.667 -3.51496e-05 -7.87482e-05 6.89454e-06 -4.8693e-05 -4.29712e-05 
630.668 8.27658e-05 8.85074e-05 -1.36616e-06 4.38528e-05 7.96365e-05 
631.668 -3.60727e-05 -8.11743e-05 6.7967e-06 -3.5453e-05 -0.000102926 
632.669 8.23288e-05 9.02503e-05 -8.69388e-07 2.94504e-05 0.000109034 
633.67 -3.49287e-05 -8.19277e-05 6.05276e-06 -1.99671e-05 -9.58869e-05 
634.671 8.32689e-05 9.34313e-05 -2.51322e-08 1.29767e-05 6.59655e-05 
635.672 -3.46128e-05 -8.23783e-05 4.66478e-06 -2.64647e-06 -2.35399e-05 
636.673 8.27066e-05 9.46794e-05 1.46952e-06 -5.03409e-06 -2.35368e-05 
637.674 -3.63467e-05 -8.51188e-05 3.03312e-06 1.58565e-05 6.77001e-05 
638.675 8.19782e-05 9.46748e-05 3.70204e-06 -2.38205e-05 -0.000100472 
639.676 -3.66081e-05 -8.74067e-05 6.03065e-07 3.46836e-05 0.000116557 
640.677 8.30728e-05 9.63244e-05 6.04802e-06 -4.24434e-05 -0.000112266 
641.677 -3.61161e-05 -8.71856e-05 -2.097e-06 5.28336e-05 8.87662e-05 
642.678 8.32604e-05 9.83065e-05 8.76086e-06 -5.98609e-05 -4.93821e-05 
643.679 -3.72758e-05 -8.76506e-05 -5.17748e-06 6.92477e-05 1.52203e-06 
644.68 8.26094e-05 9.80665e-05 1.20299e-05 -7.50217e-05 4.71209e-05 
645.681 -3.7874e-05 -8.92526e-05 -8.174e-06 8.29073e-05 -8.74933e-05 
646.682 8.31189e-05 9.74912e-05 1.54328e-05 -8.69659e-05 0.000113245 
647.683 -3.72549e-05 -8.89817e-05 -1.15835e-05 9.29357e-05 -0.000119415 
648.684 8.31989e-05 9.82943e-05 1.84277e-05 -9.49247e-05 0.000105733 
649.685 -3.76667e-05 -8.741e-05 -1.5012e-05 9.87034e-05 -7.41706e-05 
650.686 8.20452e-05 9.73742e-05 2.12726e-05 -9.84422e-05 3.09833e-05 
651.686 -3.74798e-05 -8.71203e-05 -1.80835e-05 9.99452e-05 1.69582e-05 
652.687 8.15682e-05 9.50932e-05 2.46449e-05 -9.74398e-05 -6.09079e-05 
653.688 -3.63424e-05 -8.57373e-05 -2.06049e-05 9.67608e-05 9.43184e-05 
654.689 8.07943e-05 9.3798e-05 2.76632e-05 -9.21868e-05 -0.000111361 
655.69 -3.55484e-05 -8.29622e-05 -2.30119e-05 8.95761e-05 0.000110432 
656.691 7.86294e-05 9.15489e-05 2.93797e-05 -8.32508e-05 -9.16666e-05 
657.692 -3.45046e-05 -8.09576e-05 -2.57313e-05 7.90829e-05 5.94105e-05 
658.693 7.70827e-05 8.80572e-05 3.057e-05 -7.14265e-05 -1.87013e-05 
659.694 -3.21126e-05 -7.83241e-05 -2.73904e-05 6.61568e-05 -2.30314e-05 
660.695 7.5227e-05 8.54556e-05 3.24358e-05 -5.76486e-05 5.98747e-05 
661.695 -3.03231e-05 -7.43292e-05 -2.71923e-05 5.17676e-05 -8.57564e-05 
662.696 7.2038e-05 8.22284e-05 3.41261e-05 -4.28976e-05 9.7948e-05 
663.697 -2.81915e-05 -7.1144e-05 -2.74118e-05 3.68851e-05 -9.47487e-05 
664.698 6.9471e-05 7.78446e-05 3.32788e-05 -2.81121e-05 7.81898e-05 
665.699 -2.48409e-05 -6.77722e-05 -2.90211e-05 2.23961e-05 -5.09077e-05 
666.7 6.61179e-05 7.43893e-05 3.1672e-05 -1.41101e-05 1.82221e-05 
667.701 -2.20555e-05 -6.31639e-05 -2.83776e-05 9.03561e-06 1.54597e-05 
668.702 6.22129e-05 7.0664e-05 3.16408e-05 -1.53175e-06 -4.46495e-05 
669.703 -1.84973e-05 -5.95927e-05 -2.52351e-05 -2.66026e-06 6.62764e-05 
670.704 5.89263e-05 6.60007e-05 3.1778e-05 9.19879e-06 -7.73062e-05 
671.705 -1.46716e-05 -5.57532e-05 -2.37152e-05 -1.2381e-05 7.77663e-05 
672.705 5.48244e-05 6.22898e-05 2.85501e-05 1.78828e-05 -6.78203e-05 
673.706 -1.13266e-05 -5.12642e-05 -2.30212e-05 -2.00398e-05 5.0305e-05 
674.707 5.04468e-05 5.84376e-05 2.48697e-05 2.45393e-05 -2.7444e-05 
675.708 -7.12481e-06 -4.79017e-05 -2.07824e-05 -2.57523e-05 3.19762e-06 
676.709 4.6734e-05 5.4144e-05 2.38798e-05 2.93731e-05 2.00545e-05 
677.71 -2.86319e-06 -4.41368e-05 -1.65987e-05 -2.97999e-05 -3.90265e-05 
678.711 4.20285e-05 5.09559e-05 2.1341e-05 3.27285e-05 5.26405e-05 
679.712 9.71416e-07 -4.01008e-05 -1.39215e-05 -3.25763e-05 -5.92347e-05 
680.713 3.74887e-05 4.74889e-05 1.75476e-05 3.50331e-05 5.94251e-05 
681.714 5.40858e-06 -3.73285e-05 -1.1748e-05 -3.45298e-05 -5.30709e-05 
682.714 3.33958e-05 4.37407e-05 1.44824e-05 3.67407e-05 4.20126e-05 
683.715 9.49151e-06 -3.42481e-05 -8.08317e-06 -3.61032e-05 -2.69545e-05 
684.716 2.8685e-05 4.12255e-05 1.15713e-05 3.82721e-05 1.0218e-05 
685.717 1.32647e-05 -3.11012e-05 -5.48667e-06 -3.7684e-05 7.33671e-06 
686.718 2.4726e-05 3.84713e-05 8.19423e-06 3.9967e-05 -2.3466e-05 
687.719 1.7673e-05 -2.92241e-05 -2.67934e-06 -3.9555e-05 3.75569e-05 
688.72 2.04681e-05 3.61671e-05 5.94272e-06 4.20471e-05 -4.77225e-05 
689.721 2.07401e-05 -2.69829e-05 7.98845e-07 -4.18699e-05 5.3809e-05 
690.722 1.63795e-05 3.45962e-05 3.84277e-06 4.4593e-05 -5.44817e-05 
691.723 2.45217e-05 -2.5415e-05 2.48686e-06 -4.46364e-05 5.02506e-05 
692.723 1.28566e-05 3.28481e-05 1.00875e-06 4.75388e-05 -4.05521e-05 
693.724 2.81025e-05 -2.4493e-05 3.99044e-06 -4.77171e-05 2.67762e-05 
694.725 9.88212e-06 3.21278e-05 -5.70131e-07 5.06814e-05 -9.29023e-06 
695.726 3.0501e-05 -2.30784e-05 6.18642e-06 -5.08477e-05 -9.60635e-06 
696.727 6.16579e-06 3.16994e-05 -1.99353e-06 5.37047e-05 2.8792e-05 
697.728 3.34469e-05 -2.3187e-05 7.0116e-06 -5.36687e-05 -4.54727e-05 
698.729 3.84384e-06 3.07423e-05 -3.10739e-06 5.62121e-05 5.84213e-05 
699.73 3.56547e-05 -2.30818e-05 7.59713e-06 -5.57632e-05 -6.51856e-05 
700.731 1.59589e-06 3.14135e-05 -3.27075e-06 5.77763e-05 6.5373e-05 
701.732 3.76164e-05 -2.32833e-05 8.39374e-06 -5.66994e-05 -5.77943e-05 
702.732 -5.47475e-07 3.15714e-05 -3.01987e-06 5.7981e-05 4.36449e-05 
703.733 3.92695e-05 -2.40347e-05 7.55147e-06 -5.60862e-05 -2.34486e-05 
704.734 -2.17386e-06 3.23173e-05 -2.98568e-06 5.64669e-05 3.85643e-08 
705.735 3.97249e-05 -2.50624e-05 6.68926e-06 -5.36125e-05 2.47387e-05 
706.736 -3.59704e-06 3.3204e-05 -1.50554e-06 5.29751e-05 -4.72273e-05 
707.737 4.15524e-05 -2.59865e-05 5.5487e-06 -4.90812e-05 6.54199e-05 
708.738 -4.15884e-06 3.47251e-05 -2.70204e-07 4.73825e-05 -7.62099e-05 
709.739 4.14262e-05 -2.78155e-05 3.56986e-06 -4.24397e-05 7.88235e-05 
710.74 -4.31875e-06 3.612e-05 1.53558e-06 3.97167e-05 -7.19249e-05 
711.741 4.13644e-05 -2.84493e-05 1.6506e-06 -3.38001e-05 5.68483e-05 
712.741 -4.67444e-06 3.75112e-05 4.15453e-06 3.0164e-05 -3.44305e-05 
713.742 4.15449e-05 -3.07223e-05 -6.71545e-07 -2.34313e-05 7.96752e-06 
714.743 -4.34729e-06 3.87716e-05 6.43829e-06 1.90721e-05 2.02241e-05 
715.744 4.06853e-05 -3.19718e-05 -3.57543e-06 -1.1747e-05 -4.60484e-05 
716.745 -3.6978e-06 4.03679e-05 9.24951e-06 6.92494e-06 6.71879e-05 
717.746 3.95887e-05 -3.33533e-05 -6.12902e-06 7.12933e-07 -8.03445e-05 
718.747 -2.87501e-06 4.1592e-05 1.22889e-05 -5.69376e-06 8.47101e-05 
719.748 3.79109e-05 -3.49211e-05 -9.1163e-06 1.33202e-05 -7.90107e-05 
720.749 -1.75358e-06 4.30224e-05 1.48955e-05 -1.81339e-05 6.47312e-05 
721.75 3.67795e-05 -3.59283e-05 -1.22703e-05 2.54151e-05 -4.28423e-05 
722.75 -1.02264e-07 4.41259e-05 1.78527e-05 -2.97368e-05 1.67396e-05 
723.751 3.50315e-05 -3.65225e-05 -1.4852e-05 3.63737e-05 1.12743e-05 
724.752 1.1853e-06 4.51408e-05 2.04856e-05 -3.99196e-05 -3.71871e-05 
725.753 3.31305e-05 -3.73535e-05 -1.76593e-05 4.56593e-05 5.88655e-05 
726.754 2.98675e-06 4.5001e-05 2.28219e-05 -4.82145e-05 -7.31943e-05 
727.755 3.13301e-05 -3.77976e-05 -1.9709e-05 5.28679e-05 7.95446e-05 
728.756 4.73185e-06 4.49485e-05 2.52913e-05 -5.42867e-05 -7.669e-05 
729.757 2.92737e-05 -3.79439e-05 -2.18396e-05 5.77495e-05 6.60411e-05 
730.758 5.99258e-06 4.47172e-05 2.69085e-05 -5.79598e-05 -4.82974e-05 
731.759 2.78573e-05 -3.7346e-05 -2.34038e-05 6.02072e-05 2.64688e-05 
732.759 7.57715e-06 4.46256e-05 2.84054e-05 -5.92223e-05 -2.34132e-06 
733.76 2.61268e-05 -3.71097e-05 -2.45635e-05 6.03006e-05 -2.05932e-05 
734.761 8.98057e-06 4.35175e-05 2.92131e-05 -5.82101e-05 4.07066e-05 
735.762 2.46558e-05 -3.55023e-05 -2.53431e-05 5.82368e-05 -5.52356e-05 
736.763 1.00302e-05 4.24142e-05 2.96087e-05 -5.5187e-05 6.37392e-05 
737.764 2.31496e-05 -3.44519e-05 -2.55319e-05 5.43413e-05 -6.49215e-05 
738.765 1.1211e-05 4.06752e-05 2.96219e-05 -5.05269e-05 5.99091e-05 
739.766 2.21675e-05 -3.25218e-05 -2.54263e-05 4.90232e-05 -4.88763e-05 
740.767 1.1879e-05 3.86133e-05 2.88682e-05 -4.46773e-05 3.41674e-05 
741.768 2.13639e-05 -3.04963e-05 -2.46435e-05 4.27498e-05 -1.67917e-05 
742.768 1.23675e-05 3.63288e-05 2.82424e-05 -3.81143e-05 -5.10328e-07 
743.769 2.05363e-05 -2.80521e-05 -2.34093e-05 3.60088e-05 1.67858e-05 
744.77 1.27141e-05 3.40554e-05 2.67399e-05 -3.13187e-05 -2.97492e-05 
745.771 2.03858e-05 -2.56361e-05 -2.20471e-05 2.92645e-05 3.92181e-05 
746.772 1.27573e-05 3.10407e-05 2.51242e-05 -2.47394e-05 -4.38677e-05 
747.773 2.02312e-05 -2.27879e-05 -1.9965e-05 2.29361e-05 4.45411e-05 
748.774 1.2065e-05 2.81672e-05 2.2947e-05 -1.87588e-05 -4.08719e-05 
749.775 2.0577e-05 -1.96644e-05 -1.74965e-05 1.73685e-05 3.44949e-05 
750.776 1.15377e-05 2.51985e-05 2.04177e-05 -1.36757e-05 -2.55923e-05 
751.777 2.12545e-05 -1.65035e-05 -1.51577e-05 1.28113e-05 1.60737e-05 
752.777 1.05954e-05 2.15878e-05 1.78719e-05 -9.68841e-06 -6.12107e-06 
753.778 2.16504e-05 -1.34309e-05 -1.23819e-05 9.40813e-06 -2.59213e-06 
754.779 9.39855e-06 1.85444e-05 1.49676e-05 -6.88833e-06 1.02945e-05 
755.78 2.32275e-05 -1.00281e-05 -9.73387e-06 7.19491e-06 -1.58185e-05 
756.781 8.05906e-06 1.49363e-05 1.18094e-05 -5.25537e-06 1.99142e-05 
757.782 2.45509e-05 -6.5734e-06 -6.35119e-06 6.10501e-06 -2.18782e-05 
758.783 6.15431e-06 1.14831e-05 8.93351e-06 -4.67419e-06 2.28143e-05 
759.784 2.59489e-05 -3.01441e-06 -3.56232e-06 5.97456e-06 -2.22289e-05 
760.785 4.28849e-06 8.08744e-06 5.72266e-06 -4.94464e-06 2.12857e-05 
761.786 2.79194e-05 1.75811e-07 -2.26449e-07 6.56732e-06 -1.9416e-05 
762.786 2.01078e-06 4.85667e-06 2.65106e-06 -5.79935e-06 1.7613e-05 
763.787 2.98585e-05 3.49683e-06 2.76863e-06 7.59572e-06 -1.50871e-05 
764.788 -1.28296e-07 1.71771e-06 -3.34231e-07 -6.92785e-06 1.2618e-05 
765.789 3.23039e-05 6.33503e-06 5.65148e-06 8.73908e-06 -9.24991e-06 
766.79 -2.83228e-06 -1.46686e-06 -2.93175e-06 -8.01236e-06 5.68853e-06 
767.791 3.46122e-05 9.29464e-06 8.15346e-06 9.67345e-06 -1.00588e-06 
768.792 -5.01956e-06 -4.0819e-06 -5.45742e-06 -8.73407e-06 -3.9507e-06 
769.793 3.65922e-05 1.17629e-05 1.03644e-05 1.0103e-05 9.88628e-06 
770.794 -7.53393e-06 -7.00611e-06 -7.71756e-06 -8.81419e-06 -1.56704e-05 
771.795 3.907e-05 1.43415e-05 1.27865e-05 9.76828e-06 2.17251e-05 
772.795 -1.0207e-05 -8.96044e-06 -9.76947e-06 -8.02588e-06 -2.66712e-05 
773.796 4.16904e-05 1.65078e-05 1.43702e-05 8.4778e-06 3.07774e-05 
774.797 -1.33973e-05 -1.11147e-05 -1.1533e-05 -6.21305e-06 -3.26286e-05 
775.798 4.43753e-05 1.82806e-05 1.58737e-05 6.11568e-06 3.26101e-05 
776.799 -1.62375e-05 -1.30235e-05 -1.28619e-05 -3.30124e-06 -2.95652e-05 
777.8 4.70188e-05 2.01049e-05 1.69179e-05 2.65025e-06 2.42729e-05 
778.801 -1.84216e-05 -1.44858e-05 -1.35886e-05 6.94152e-07 -1.606e-05 
779.802 4.87236e-05 2.12955e-05 1.75915e-05 -1.86153e-06 6.2368e-06 
780.803 -2.05737e-05 -1.52804e-05 -1.37611e-05 5.67345e-06 5.35438e-06 
781.804 5.12691e-05 2.20226e-05 1.73799e-05 -7.27451e-06 -1.69609e-05 
782.805 -2.34134e-05 -1.61045e-05 -1.40022e-05 1.14603e-05 2.84273e-05 
783.805 5.33464e-05 2.27258e-05 1.752e-05 -1.33694e-05 -3.78604e-05 
784.806 -2.57489e-05 -1.64731e-05 -1.32189e-05 1.77961e-05 4.51602e-05 
785.807 5.53232e-05 2.28016e-05 1.64931e-05 -1.98814e-05 -4.8693e-05 
786.808 -2.74379e-05 -1.6689e-05 -1.24126e-05 2.4371e-05 4.88026e-05 
787.809 5.68662e-05 2.26143e-05 1.5724e-05 -2.64734e-05 -4.44489e-05 
788.81 -2.9183e-05 -1.64979e-05 -1.1208e-05 3.08773e-05 3.66634e-05 
789.811 5.82345e-05 2.22684e-05 1.38928e-05 -3.27763e-05 -2.51238e-05 
790.812 -3.04612e-05 -1.55496e-05 -9.78102e-06 3.695e-05 1.15392e-05 
791.813 5.94991e-05 2.11072e-05 1.22183e-05 -3.85005e-05 3.84447e-06 
792.814 -3.15338e-05 -1.46937e-05 -7.9878e-06 4.21873e-05 -1.89136e-05 
793.814 6.02294e-05 2.02175e-05 1.02993e-05 -4.33161e-05 3.32296e-05 
794.815 -3.22026e-05 -1.35791e-05 -5.84571e-06 4.63796e-05 -4.47135e-05 
795.816 6.03614e-05 1.85403e-05 7.9453e-06 -4.6802e-05 5.31968e-05 
796.817 -3.29752e-05 -1.19478e-05 -3.04355e-06 4.93144e-05 -5.70752e-05 
797.818 6.10471e-05 1.70997e-05 5.50229e-06 -4.88707e-05 5.68257e-05 
798.819 -3.29679e-05 -1.01876e-05 -9.71116e-07 5.05464e-05 -5.15931e-05 
799.82 6.04478e-05 1.51808e-05 2.58425e-06 -4.95439e-05 4.26483e-05 
800.821 -3.28714e-05 -8.44155e-06 2.02684e-06 5.01274e-05 -2.98858e-05 
801.822 5.99173e-05 1.35651e-05 3.76283e-08 -4.83596e-05 1.52183e-05 
802.823 -3.21585e-05 -6.66277e-06 4.82114e-06 4.84603e-05 9.88016e-07 
803.823 5.94372e-05 1.15513e-05 -2.57332e-06 -4.54321e-05 -1.65519e-05 
804.824 -3.13747e-05 -4.33317e-06 7.43297e-06 4.50396e-05 3.10674e-05 
805.825 5.72604e-05 8.80442e-06 -5.01538e-06 -4.16336e-05 -4.25359e-05 
806.826 -2.98774e-05 -1.96454e-06 1.00338e-05 3.98684e-05 5.0939e-05 
807.827 5.61482e-05 6.9185e-06 -7.78638e-06 -3.64652e-05 -5.48265e-05 
808.828 -2.81555e-05 -1.32529e-07 1.24954e-05 3.43276e-05 5.48413e-05 
809.829 5.41815e-05 5.08926e-06 -1.02312e-05 -2.96076e-05 -5.02416e-05 
810.83 -2.70975e-05 2.0147e-06 1.48873e-05 2.80709e-05 4.23674e-05 
811.831 5.19309e-05 2.76068e-06 -1.23422e-05 -2.28594e-05 -3.1099e-05 
812.832 -2.47713e-05 4.03247e-06 1.66831e-05 2.03004e-05 1.82763e-05 
813.832 5.00529e-05 7.39277e-07 -1.42759e-05 -1.6223e-05 -4.11546e-06 
814.833 -2.25403e-05 5.55989e-06 1.85021e-05 1.29606e-05 -9.3893e-06 
815.834 4.77245e-05 -6.46711e-07 -1.56743e-05 -8.45897e-06 2.20596e-05 
816.835 -2.04895e-05 7.36113e-06 1.97626e-05 6.53476e-06 -3.21136e-05 
817.836 4.50709e-05 -2.49694e-06 -1.74148e-05 -1.24608e-06 3.97402e-05 
818.837 -1.73977e-05 9.02774e-06 2.09754e-05 -3.62414e-07 -4.36353e-05 
819.838 4.23976e-05 -3.9663e-06 -1.79989e-05 4.53236e-06 4.45358e-05 
820.839 -1.5401e-05 1.03704e-05 2.15115e-05 -6.67199e-06 -4.17013e-05 
821.84 3.97878e-05 -5.11018e-06 -1.87267e-05 9.93497e-06 3.6405e-05 
822.841 -1.2856e-05 1.12846e-05 2.17455e-05 -1.1501e-05 -2.83662e-05 
823.841 3.73287e-05 -6.37475e-06 -1.88625e-05 1.45948e-05 1.92126e-05 
824.842 -9.96633e-06 1.2002e-05 2.20637e-05 -1.51659e-05 -8.88363e-06 
825.843 3.42917e-05 -6.86041e-06 -1.85881e-05 1.81604e-05 -9.12397e-07 
826.844 -7.64816e-06 1.31361e-05 2.16387e-05 -1.77105e-05 1.0299e-05 
827.845 3.15455e-05 -7.19537e-06 -1.80858e-05 2.016e-05 -1.77549e-05 
828.846 -4.73543e-06 1.29523e-05 2.07316e-05 -1.9657e-05 2.36961e-05 
829.847 2.89038e-05 -7.39922e-06 -1.73696e-05 2.05879e-05 -2.6963e-05 
830.848 -2.19249e-06 1.29556e-05 2.00176e-05 -2.01922e-05 2.8372e-05 
831.849 2.61228e-05 -7.08338e-06 -1.59064e-05 2.06435e-05 -2.71609e-05 
832.85 1.13499e-08 1.25735e-05 1.86602e-05 -1.89979e-05 2.45115e-05 
833.85 2.37829e-05 -7.31808e-06 -1.44264e-05 1.97983e-05 -1.9961e-05 
834.851 2.43942e-06 1.19632e-05 1.68434e-05 -1.72726e-05 1.49077e-05 
835.852 2.16632e-05 -6.29431e-06 -1.29064e-05 1.76679e-05 -9.00425e-06 
836.853 4.43766e-06 1.18155e-05 1.53118e-05 -1.50695e-05 3.66572e-06 
837.854 1.92776e-05 -5.78749e-06 -1.09023e-05 1.47516e-05 1.53734e-06 
838.855 6.48025e-06 1.01007e-05 1.29738e-05 -1.25051e-05 -5.35127e-06 
839.856 1.73546e-05 -4.50184e-06 -8.62236e-06 1.14391e-05 8.43178e-06 
840.857 8.19397e-06 9.16193e-06 1.04998e-05 -9.25426e-06 -9.78572e-06 
841.858 1.54552e-05 -3.03961e-06 -6.35565e-06 8.59199e-06 1.03432e-05 
842.859 9.85513e-06 7.55378e-06 8.29803e-06 -5.56152e-06 -9.36712e-06 
843.859 1.36693e-05 -1.59933e-06 -3.77474e-06 5.64441e-06 8.0086e-06 
844.86 1.10524e-05 5.69718e-06 5.60954e-06 -2.55929e-06 -5.69185e-06 
845.861 1.22754e-05 3.14164e-07 -1.31441e-06 2.54213e-06 3.66321e-06 
846.862 1.23149e-05 4.32432e-06 3.15522e-06 -1.20313e-07 -1.36496e-06 
847.863 1.13447e-05 2.36645e-06 1.39494e-06 -1.42447e-07 -7.74002e-09 
848.864 1.34736e-05 2.18992e-06 4.27469e-07 1.72726e-06 1.13124e-06 
849.865 1.02442e-05 3.63623e-06 4.1343e-06 -2.03365e-06 -9.76267e-07 
850.866 1.41728e-05 4.7102e-07 -2.23766e-06 3.33406e-06 4.20102e-07 
851.867 9.58655e-06 6.2909e-06 6.59287e-06 -2.63474e-06 1.35637e-06 
852.868 1.45945e-05 -2.05485e-06 -4.84474e-06 4.31451e-06 -3.27233e-06 
853.868 9.15337e-06 8.22365e-06 9.23307e-06 -2.6921e-06 5.97392e-06 
854.869 1.46844e-05 -4.36306e-06 -7.443e-06 4.00383e-06 -8.2502e-06 
855.87 8.67101e-06 1.03567e-05 1.17636e-05 -2.1759e-06 1.06765e-05 
856.871 1.48122e-05 -6.53397e-06 -9.5541e-06 2.67309e-06 -1.20325e-05 
857.872 8.71532e-06 1.30519e-05 1.36848e-05 -9.90503e-07 1.29506e-05 
858.873 1.46308e-05 -8.60752e-06 -1.15955e-05 4.74175e-07 -1.23253e-05 
859.874 9.01279e-06 1.52951e-05 1.59345e-05 1.23261e-06 1.09555e-05 
860.875 1.42136e-05 -1.14389e-05 -1.3725e-05 -1.92468e-06 -7.93516e-06 
861.876 9.45375e-06 1.7396e-05 1.76926e-05 4.53056e-06 4.28172e-06 
862.877 1.35406e-05 -1.36726e-05 -1.53912e-05 -4.86025e-06 6.94067e-07 
863.877 1.01269e-05 1.99153e-05 1.94976e-05 8.1511e-06 -5.77752e-06 
864.878 1.28172e-05 -1.56558e-05 -1.71259e-05 -8.44332e-06 1.15001e-05 
865.879 1.09222e-05 2.18874e-05 2.05548e-05 1.19033e-05 -1.65376e-05 
866.88 1.17062e-05 -1.7886e-05 -1.81594e-05 -1.25994e-05 2.1376e-05 
867.881 1.19203e-05 2.4009e-05 2.18619e-05 1.54693e-05 -2.47106e-05 
868.882 1.0625e-05 -2.02858e-05 -1.92203e-05 -1.68664e-05 2.71146e-05 
869.883 1.2883e-05 2.61543e-05 2.23327e-05 1.93061e-05 -2.74285e-05 
870.884 8.82538e-06 -2.18275e-05 -1.96624e-05 -2.05611e-05 2.64234e-05 
871.885 1.41861e-05 2.78802e-05 2.28582e-05 2.31498e-05 -2.31719e-05 
872.886 7.46141e-06 -2.34555e-05 -1.97728e-05 -2.37822e-05 1.8698e-05 
873.886 1.57438e-05 2.90082e-05 2.31695e-05 2.66785e-05 -1.23244e-05 
874.887 5.78314e-06 -2.48372e-05 -2.02842e-05 -2.64653e-05 5.30958e-06 
875.888 1.73087e-05 3.06306e-05 2.28755e-05 2.93176e-05 2.82746e-06 
876.889 4.22137e-06 -2.63978e-05 -1.9832e-05 -2.89164e-05 -1.06809e-05 
877.89 1.91308e-05 3.17088e-05 2.23535e-05 3.08803e-05 1.86491e-05 
878.891 2.73619e-06 -2.73407e-05 -1.90952e-05 -3.06085e-05 -2.53092e-05 
879.892 2.06721e-05 3.25985e-05 2.14944e-05 3.16496e-05 3.11151e-05 
880.893 1.0994e-06 -2.81224e-05 -1.80731e-05 -3.12917e-05 -3.47653e-05 
881.894 2.21916e-05 3.32086e-05 2.05677e-05 3.16905e-05 3.68966e-05 
882.895 -8.27284e-07 -2.83062e-05 -1.67902e-05 -3.06431e-05 -3.64334e-05 
883.895 2.37117e-05 3.35281e-05 1.89192e-05 3.1104e-05 3.42724e-05 
884.896 -2.74184e-06 -2.87285e-05 -1.54744e-05 -2.89577e-05 -2.96122e-05 
885.897 2.5151e-05 3.36551e-05 1.75092e-05 2.93872e-05 2.36185e-05 
886.898 -4.57246e-06 -2.86738e-05 -1.37093e-05 -2.65471e-05 -1.57343e-05 
887.899 2.66928e-05 3.31286e-05 1.56185e-05 2.65877e-05 7.33382e-06 
888.9 -5.9558e-06 -2.84182e-05 -1.17004e-05 -2.35766e-05 1.98934e-06 
889.901 2.81977e-05 3.29324e-05 1.34955e-05 2.26908e-05 -1.07747e-05 
890.902 -7.5231e-06 -2.80252e-05 -9.61896e-06 -1.99761e-05 1.94101e-05 
891.903 2.95106e-05 3.1984e-05 1.17217e-05 1.83401e-05 -2.64831e-05 
892.904 -8.56125e-06 -2.72014e-05 -7.54182e-06 -1.5538e-05 3.24933e-05 
893.905 3.08519e-05 3.11614e-05 9.2666e-06 1.37082e-05 -3.61963e-05 
894.905 -9.74385e-06 -2.60098e-05 -5.18343e-06 -1.04783e-05 3.83041e-05 
895.906 3.19119e-05 2.98865e-05 6.8945e-06 9.02358e-06 -3.78103e-05 
896.907 -1.07912e-05 -2.46682e-05 -3.14345e-06 -5.09491e-06 3.56807e-05 
897.908 3.27011e-05 2.88382e-05 4.82986e-06 4.05115e-06 -3.11619e-05 
898.909 -1.18211e-05 -2.33717e-05 -9.47551e-07 3.7056e-08 2.54521e-05 
899.91 3.35037e-05 2.72529e-05 2.27071e-06 -1.09257e-06 -1.79982e-05 
900.911 -1.25281e-05 -2.16479e-05 1.55547e-06 4.83499e-06 1.01563e-05 
901.912 3.40701e-05 2.55323e-05 3.6941e-07 -6.21406e-06 -1.47985e-06 
902.913 -1.33522e-05 -2.0219e-05 3.64659e-06 9.18556e-06 -6.62519e-06 
903.914 3.39518e-05 2.36572e-05 -2.00796e-06 -1.08416e-05 1.46171e-05 
904.914 -1.39101e-05 -1.81102e-05 5.7668e-06 1.33478e-05 -2.11537e-05 
905.915 3.41102e-05 2.1625e-05 -3.90831e-06 -1.46789e-05 2.68062e-05 
906.916 -1.40537e-05 -1.645e-05 7.67777e-06 1.70901e-05 -3.03922e-05 
907.917 3.41434e-05 1.96839e-05 -5.70465e-06 -1.76832e-05 3.26713e-05 
908.918 -1.3758e-05 -1.44437e-05 9.3058e-06 2.02951e-05 -3.26648e-05 
909.919 3.3979e-05 1.77396e-05 -7.65858e-06 -1.99914e-05 3.13464e-05 
910.92 -1.36535e-05 -1.21859e-05 1.12149e-05 2.24846e-05 -2.79428e-05 
911.921 3.38576e-05 1.58395e-05 -9.05571e-06 -2.17647e-05 2.36153e-05 
912.922 -1.32777e-05 -1.01223e-05 1.23809e-05 2.36895e-05 -1.77466e-05 
913.923 3.33801e-05 1.36454e-05 -1.03387e-05 -2.29079e-05 1.16173e-05 
914.923 -1.23085e-05 -7.96554e-06 1.36842e-05 2.38942e-05 -4.6885e-06 
915.924 3.26723e-05 1.16642e-05 -1.1517e-05 -2.32526e-05 -1.72669e-06 
916.925 -1.15637e-05 -5.94834e-06 1.45749e-05 2.34942e-05 8.18679e-06 
917.926 3.16728e-05 9.58365e-06 -1.22141e-05 -2.25982e-05 -1.34344e-05 
918.927 -1.06626e-05 -3.96503e-06 1.54869e-05 2.25255e-05 1.81234e-05 
919.928 3.05963e-05 7.72603e-06 -1.30548e-05 -2.10297e-05 -2.11254e-05 
920.929 -9.68992e-06 -2.2044e-06 1.57813e-05 2.11035e-05 2.32462e-05 
921.93 2.9265e-05 5.52915e-06 -1.35904e-05 -1.87693e-05 -2.35166e-05 
922.931 -8.54781e-06 -4.65e-07 1.62066e-05 1.89852e-05 2.2908e-05 
923.932 2.74826e-05 3.55087e-06 -1.35493e-05 -1.61705e-05 -2.06099e-05 
924.932 -7.58725e-06 1.3518e-06 1.60156e-05 1.62482e-05 1.77368e-05 
925.933 2.60157e-05 2.04898e-06 -1.35153e-05 -1.33875e-05 -1.35931e-05 
926.934 -6.04805e-06 3.18585e-06 1.57802e-05 1.29337e-05 9.38221e-06 
927.935 2.42813e-05 2.69796e-07 -1.32014e-05 -1.04729e-05 -4.46467e-06 
928.936 -4.60898e-06 4.67363e-06 1.55456e-05 9.46759e-06 6.20549e-08 
929.937 2.25554e-05 -7.21884e-07 -1.25491e-05 -7.31194e-06 4.48256e-06 
930.938 -2.9724e-06 6.14571e-06 1.45879e-05 6.06767e-06 -7.9951e-06 
931.939 2.08328e-05 -2.32995e-06 -1.18354e-05 -3.96365e-06 1.12102e-05 
932.94 -1.12712e-06 7.47448e-06 1.40717e-05 3.0049e-06 -1.30553e-05 
933.941 1.90024e-05 -3.52e-06 -1.09509e-05 -5.63745e-07 1.43803e-05 
934.941 5.7455e-07 8.36982e-06 1.28719e-05 1.76925e-07 -1.42393e-05 
935.942 1.71551e-05 -4.36144e-06 -9.65182e-06 2.54148e-06 1.36072e-05 
936.943 2.61484e-06 9.32428e-06 1.15034e-05 -2.39748e-06 -1.16577e-05 
937.944 1.53886e-05 -5.49563e-06 -8.56794e-06 5.12085e-06 9.47235e-06 
938.945 4.91162e-06 1.00341e-05 1.01359e-05 -4.82058e-06 -6.31249e-06 
939.946 1.34713e-05 -6.25626e-06 -6.72091e-06 7.03295e-06 3.31949e-06 
940.947 6.48932e-06 1.04428e-05 8.8304e-06 -6.85081e-06 2.03987e-07 
941.948 1.16717e-05 -6.60531e-06 -5.12771e-06 8.35648e-06 -3.11035e-06 
942.949 8.73871e-06 1.06535e-05 6.96639e-06 -8.36176e-06 6.11794e-06 
943.95 9.95754e-06 -6.90204e-06 -3.61921e-06 9.21316e-06 -8.12087e-06 
944.95 1.05901e-05 1.09967e-05 5.13541e-06 -9.06283e-06 9.90285e-06 
945.951 8.00819e-06 -7.13461e-06 -1.65332e-06 9.66796e-06 -1.04488e-05 
946.952 1.22952e-05 1.10843e-05 3.34427e-06 -9.023e-06 1.06341e-05 
947.953 6.09353e-06 -6.92483e-06 1.12772e-07 9.67724e-06 -9.54831e-06 
948.954 1.39693e-05 1.09514e-05 1.43462e-06 -8.2667e-06 8.17121e-06 
949.955 4.19913e-06 -6.48826e-06 1.96707e-06 9.08239e-06 -5.68963e-06 
950.956 1.55606e-05 1.06725e-05 -6.82287e-07 -7.08648e-06 3.16934e-06 
951.957 2.28238e-06 -6.19786e-06 4.00758e-06 7.81153e-06 1.32818e-07 
952.958 1.69776e-05 1.02526e-05 -2.20571e-06 -5.53905e-06 -3.10315e-06 
953.959 4.21757e-07 -5.50251e-06 5.68618e-06 5.85258e-06 6.45161e-06 
954.959 1.84742e-05 9.45081e-06 -4.43327e-06 -3.73584e-06 -9.06546e-06 
955.96 -1.11552e-06 -5.02541e-06 7.41428e-06 3.42805e-06 1.1676e-05 
956.961 1.96482e-05 8.68862e-06 -6.14676e-06 -1.55067e-06 -1.32065e-05 
957.962 -2.69013e-06 -4.08496e-06 9.45077e-06 7.25788e-07 1.44515e-05 
958.963 2.07699e-05 7.51678e-06 -7.88616e-06 1.00676e-06 -1.44155e-05 
959.964 -4.08725e-06 -3.27276e-06 1.14012e-05 -1.98601e-06 1.3977e-05 
960.965 2.18373e-05 6.36752e-06 -9.55713e-06 3.92868e-06 -1.22362e-05 
961.966 -5.38676e-06 -2.31105e-06 1.2944e-05 -4.68537e-06 1.01681e-05 
962.967 2.23631e-05 5.34556e-06 -1.1465e-05 7.00304e-06 -6.96566e-06 
963.968 -6.75099e-06 -1.12258e-06 1.41664e-05 -7.30877e-06 3.68695e-06 
964.968 2.33247e-05 3.97136e-06 -1.27322e-05 9.99858e-06 4.08442e-07 
965.969 -7.59161e-06 2.8883e-07 1.578e-05 -9.96681e-06 -4.20841e-06 
966.97 2.41226e-05 2.75205e-06 -1.40418e-05 1.26898e-05 8.41756e-06 
967.971 -8.21511e-06 1.61608e-06 1.68075e-05 -1.25548e-05 -1.19167e-05 
968.972 2.47341e-05 1.53134e-06 -1.51394e-05 1.49542e-05 1.542e-05 
969.973 -8.73902e-06 3.28198e-06 1.80379e-05 -1.50103e-05 -1.78363e-05 
970.974 2.52862e-05 1.64914e-07 -1.62164e-05 1.68159e-05 1.99332e-05 
971.975 -8.63234e-06 4.92951e-06 1.88284e-05 -1.70629e-05 -2.06874e-05 
972.976 2.60231e-05 -1.30278e-06 -1.68794e-05 1.83003e-05 2.09446e-05 
973.977 -8.63501e-06 6.36035e-06 1.97815e-05 -1.85771e-05 -1.97721e-05 
974.977 2.6319e-05 -2.82269e-06 -1.74343e-05 1.94869e-05 1.81095e-05 
975.978 -9.00061e-06 7.64343e-06 2.00601e-05 -1.94069e-05 -1.51179e-05 
976.979 2.60937e-05 -4.23898e-06 -1.7884e-05 2.02746e-05 1.18251e-05 
977.98 -8.72846e-06 9.00321e-06 2.06048e-05 -1.9603e-05 -7.47113e-06 
978.981 2.60028e-05 -5.88354e-06 -1.80618e-05 2.06045e-05 3.15167e-06 
979.982 -8.42775e-06 1.04582e-05 2.04942e-05 -1.92529e-05 1.84272e-06 
980.983 2.57175e-05 -7.23024e-06 -1.81246e-05 2.02813e-05 -6.38744e-06 
981.984 -8.15439e-06 1.1752e-05 2.03103e-05 -1.84701e-05 1.11776e-05 
982.985 2.51887e-05 -8.76751e-06 -1.80749e-05 1.93001e-05 -1.50964e-05 
983.986 -7.47639e-06 1.29787e-05 1.99224e-05 -1.73293e-05 1.88694e-05 
984.986 2.47164e-05 -1.01699e-05 -1.77365e-05 1.76456e-05 -2.14278e-05 
985.987 -6.78839e-06 1.40677e-05 1.96463e-05 -1.57862e-05 2.35575e-05 
986.988 2.385e-05 -1.12305e-05 -1.6937e-05 1.55101e-05 -2.42647e-05 
987.989 -5.92407e-06 1.52693e-05 1.90612e-05 -1.38289e-05 2.44204e-05 
988.99 2.30464e-05 -1.24752e-05 -1.62925e-05 1.30351e-05 -2.31196e-05 
989.991 -4.98384e-06 1.64044e-05 1.81623e-05 -1.13724e-05 2.13173e-05 
990.992 2.20694e-05 -1.32779e-05 -1.54716e-05 1.03904e-05 -1.81957e-05 
991.993 -3.93211e-06 1.73015e-05 1.70286e-05 -8.51741e-06 1.47895e-05 
992.994 2.10418e-05 -1.40721e-05 -1.42308e-05 7.64271e-06 -1.03451e-05 
993.995 -2.86504e-06 1.83926e-05 1.60423e-05 -5.34261e-06 5.9497e-06 
994.995 1.99318e-05 -1.47731e-05 -1.31378e-05 4.78251e-06 -8.91401e-07 
995.996 -1.52424e-06 1.92904e-05 1.48051e-05 -2.0891e-06 -3.72315e-06 
996.997 1.88486e-05 -1.52611e-05 -1.18359e-05 1.81671e-06 8.60209e-06 
997.998 -3.34485e-07 1.96731e-05 1.32959e-05 1.09738e-06 -1.26516e-05 
998.999 1.75615e-05 -1.59175e-05 -1.07303e-05 -1.27935e-06 1.66084e-05 
1000 1.21344e-07 2.00598e-05 1.18771e-05 4.06705e-06 -1.94225e-05 
